11.058237247856532 0.795039771362642 1.6926872805521314 0.2076601947315355
10.979132743442715 1.1372322400249075 2.1115591783020027 0.138941579118194
10.969056117186394 0.9784459759328628 1.8108408127196327 0.18738687322651507
10.861069689646285 1.570497594414182 2.3413447219916628 0.05820896772841176
11.017823520211392 0.7527791562235744 2.074782746421294 0.12310147984790508
10.997585791781713 1.0715088597989182 2.2883332650514463 0.1886341523352914
10.762775125878022 1.93577661103223 2.1350984852154684 0.15018460890157415
10.973474781171157 1.0155847934529318 1.8806943710544881 0.16357047559533722
10.922076127124981 1.3859796731583287 2.1597107624744867 0.17105744231080902
10.91062676094638 1.7058722569374591 2.345225398665038 0.13603224659651433
11.108925964893382 0.9103890293251444 2.385264086526684 0.12744775930412247
10.96822377754721 1.4274527433663626 2.2819379099583665 0.13214007345768689
10.737633795527023 2.164872181667369 2.1655751384318127 0.04708588411865085
10.919834449978962 1.1024765745911955 2.011220757536692 0.15420435007543395
10.843905451081833 1.8467652848584941 2.267943122965125 0.1406488301443301
11.024655501910614 0.7760821574789651 1.8453824805846282 0.06990827658460068
11.303471945685748 0.40575555511115136 2.291631927233529 0.13685056775599685
11.104801385619643 0.686555018626775 2.026510053048737 0.14861867055281408
10.96776548375824 0.7499731917394983 1.7210820731137957 0.39190483559337275
10.819223196178765 2.04461961566306 2.4661749804824806 0.039546749874122836
10.907945214809562 1.1235730207828278 2.028629613395061 0.14498658113780008
10.772993048855968 1.7647789143705697 2.2057912065264893 0.04176099690779009
11.008774143246765 0.9671299637383832 2.334060365831897 0.1827389795749589
10.946186031309184 1.5388149640681614 2.2133854698765734 0.04432769671867422
10.972396971282397 0.9538745237339011 2.0640940882259953 0.15922191491667453
10.962751570235374 1.1711274563565175 1.747248575718764 0.40078370461440155
11.045489527816294 0.9105869373532568 2.3272681042047636 0.17035073783514978
10.952549234087575 1.003403585170353 2.122916911789563 0.14287584440186868
10.881261951058082 1.3357823760325371 2.0929684677093108 0.05376176066695531
10.807644736526642 1.8199272635706676 2.480245016455196 0.020755725179323673
11.09607888088686 0.622065017086407 2.1891648111355666 0.17416185463896483
11.142106968083825 0.9948259190382803 2.2433468850251326 0.13664459961603279
10.817738960911036 1.8780371028052485 2.309594163346756 0.14530508854739488
11.148308715257022 0.6317499439566588 2.3014176529993295 0.17594697751882227
11.08127391630066 0.8750157403688191 1.9671051767311845 0.15369027632261018
10.822075101794919 1.7457997990150436 2.283450305457875 0.03311713147433482
10.791308297117242 1.3921693136203126 1.8267908636813774 0.16930974797027937
10.78407215576209 1.9896966702116434 2.329021641011537 0.04862613656986576
10.823207760372016 1.4191880971619049 2.1476514797223674 0.35539744900869413
11.08056587425693 0.8333548876010215 2.2766228139341687 0.2120022843519299
10.834803231362521 1.417992864300939 1.8578073231410197 0.06440781751730272
10.840177970151126 1.9900025069742335 2.245550611156396 0.13643268578065346
11.180846208760157 0.566698147519863 1.397005329174896 0.3978196442075376
10.800238496047411 1.7319751345383247 2.1705834615072015 0.019164151161749333
11.0072282052324 0.8096334713184116 2.180766070336167 0.1714614625068102
11.061074718616783 0.8690126650522018 2.275958935627133 0.16365780798991825
10.883156997256645 1.3456021498640105 2.2053443182430854 0.1477892922972193
10.773089505519993 1.6432590330392043 2.2695899494767913 0.16420799999241334
11.308838606964112 0.49585449316788777 2.379177664216046 0.1724193628995054
10.88249777531236 1.1387339720853855 2.0666061651181553 0.15010046750264086
10.82746522060209 1.5913444278549969 1.9560730692598467 0.0467962507779939
10.988894408110744 1.358759051866879 2.395355770306083 0.14745280309949826
10.8799385320276 1.0992127731141288 1.9602522688818809 0.049899482565834916
11.013561043842008 1.2516190626378159 2.391502960948805 0.13613160530854856
10.968777681416016 1.3008163156852073 2.1866358770797922 0.02379221612684679
10.888909186426794 1.536737669393204 2.380377084477047 0.1761347793149836
11.011072532518726 1.2285552147491048 2.1246823445719674 0.1418385651794066
10.949667824337329 1.0093904619868472 2.150030313083269 0.13944143309735496
10.846519810510495 1.5766255947365153 2.1409568341708978 0.16021921418987453
10.827199062451102 1.902383731735612 2.351970151012743 0.342876093242462
10.838702353337696 1.5007326579344 2.3533364106084833 0.1638234209852188
10.981849442922401 0.8731522790507035 1.940708783858346 0.1412378051555593
10.93155185402451 1.3110532696001702 2.2192464999719506 0.15367577645878602
10.91600685912417 0.9050621877847531 1.9239012151364052 0.1432973046142495
10.815006731883972 1.8981366226328618 1.9253480367520193 0.3816325924131305
10.909177319117934 1.804114244122905 2.3801037178984097 0.15252383209666331
11.068421511073288 1.343818561121937 2.5317126630763074 0.1449900960939231
10.908146382360233 1.5763348526505068 2.25302360557655 0.022633784851829125
10.830704035871733 1.3593499620649838 2.1684697381728135 0.14987328719370172
10.750965729272767 1.8735994970385703 2.15438983598328 0.14104912987771534
10.897011831326306 1.880819688179672 2.345931848213562 0.14352103388702142
10.917396460178193 1.4722661558516652 2.1971889128725666 0.18833547564550274
11.007342941985328 0.9261328844230551 2.3311407324497115 0.17033380875007798
11.072036059278496 0.8614657799234281 2.17875699018598 0.12917556781197237
10.897789703588018 1.3916568237736686 2.327303446605009 0.16817459571558432
10.871022097328611 1.3541843017376332 1.8533002360550785 0.1754510612287972
10.766096884968468 1.9170988677233405 1.5883083658014638 0.42289624591581854
10.798738697540623 2.3768420815137072 1.9636622463477855 0.1538483713208298
11.144098587142395 0.5539601541817302 2.137444205468455 0.15292003010233593
10.857507061043545 2.0856690642889166 2.1183347460471955 0.15536412835408117
11.052972437346812 1.071261357951756 2.2498198674262664 0.13369056127856474
10.861515336614824 1.693919028559453 2.2301057212681847 0.13981738272785
10.826868260720156 1.1268941699519361 1.7602165751884546 0.19457183711956413
10.796015966793384 2.3519216627791555 2.254604726730505 0.13819975011616425
10.802224311931115 1.8876451289593352 2.412765049596789 0.05389108063529772
10.865579766762776 1.4502271003590403 2.1917669985159973 0.031727032317320436
11.047373400790221 0.595521025301384 2.5726358323163807 0.11328763070815494
10.927512283644951 1.0937470189008318 1.992446501600793 0.15446015099037963
10.812907497275898 1.6375873563371393 2.064066943701587 0.17165406422783805
10.704227014911632 2.0758202284582086 1.7997836577511375 0.167018217703793
10.934561513475314 1.3252807117360106 2.329231645798647 0.15385215067982
10.830604545893255 2.1079449346992343 2.270279622715014 0.18549411825359263
11.213551036227978 0.6291511745902474 2.0582621677249775 0.1454574299657472
11.102686237813588 0.8187061758550097 2.3453489627149837 0.14888756752356078
10.888940972540079 1.1801672988883816 1.5329599388449204 0.17487712371718359
10.77760355642958 1.8657521421533592 2.2219577326511235 0.036593052397111046
10.956993683448891 1.5760445605694753 2.378871115793324 0.04061127601043599
10.756957164916988 1.7296753154307904 2.0799525372865584 0.04214518681716781
10.827164273796914 1.4547351906498913 2.166824931224688 0.15549715326427066
10.816848051116594 1.5221810500444197 2.1859924843975302 0.37016890571037336
11.033774082938246 1.0061531511367894 2.0958921262452406 0.15485018179828505
10.8807191033867 1.4519808893778958 2.267893974289021 0.1621098268681224
11.019178598640877 1.5974381261111215 2.48268067616385 0.15858619900138918
10.859498816189591 1.9804754374029936 2.2934867518034343 0.14965223740939085
11.217182397769726 0.4735167734139732 1.8776908868808235 0.15895625094900542
10.948550228502604 1.6315739757065963 2.3264044343008337 0.1487702178056677
10.809374115305381 1.931142307817817 2.340972394836853 0.1624554835789913
10.720200946387054 2.707381125069731 2.0235994346632142 0.1440118277867433
10.790186166198584 2.287086738913752 2.389912245517534 0.16384496967230489
10.815103997016392 1.858667566714263 2.1284545488835307 0.16760134897841347
10.788153972371129 1.9165510393987468 2.21223434156706 0.1364739369636769
10.924866035735562 1.3325742675664451 2.1296610238660643 0.1390294340233099
11.085541109586208 0.9974695548843541 2.3191381630042667 0.17505686147394237
11.068021365051083 0.8188908130567781 2.4057742915655216 0.13839780461745005
10.903642831930423 1.4818631198795114 2.276501081230891 0.03454825014589582
10.914851846936752 1.5064672884514834 2.1105374807223143 0.1364151320552365
11.17415096983271 0.5779581815021073 2.0946058609675617 0.19305492877176703
10.87611893765897 1.542272162474089 2.044472542632328 0.15639025200760498
10.78450512980843 1.6348635677428685 2.5253469923607303 0.02802399087094824
10.802889732750847 1.5235413195560488 2.2128022583841345 0.17228238305561888
11.106368585688514 0.6400607198822243 1.5731193014286307 0.18144728280114775
11.228288679384578 0.47829503295409104 1.974448043529647 0.15658710399043485
10.93576760023469 1.4996174844035783 2.344166037150295 0.12325737415348623
10.898524970464356 2.04164858956418 2.2926720524864352 0.167813642514147
11.148032913912449 0.5223029139420342 2.0963479207735864 0.15493573696115912
10.773898773727867 1.7972294552652996 1.8926988718102973 0.04410527863806004
10.783779199252844 2.0898751826269244 2.1030770485519943 0.15983678870452298
10.892714354456716 1.9797323475978046 2.2640871800234614 0.12715061269424077
11.034081614477214 0.9208330237245574 2.2046587196522545 0.13560073044042564
10.993801139901846 1.5092851087895 2.4857441850450015 0.14098012108188837
11.057684941591067 0.9681325504428872 2.1013990485084784 0.19440251783098195
11.054920462816943 0.9261322372491547 2.166301360934911 0.174707757922901
10.833551770517701 1.9922918894168127 2.2021202900387693 0.01372123481485387
10.90000112341371 1.367079374573042 2.1459630642682654 0.1559852294975437
10.922734180526136 1.2215805354186104 2.0130902384181617 0.04652348125637246
10.740787892776634 2.131365958348553 2.038764475919492 0.14680855441566787
11.023953133725172 0.8069996762511308 2.241872131380295 0.1475800147855846
10.81839848274592 1.9818006862413537 2.1634348797445804 0.1438140897094163
10.894422256404603 1.6773173119649105 2.2147084634485674 0.1566636892576064
10.828484599909965 1.7148034461837836 2.433603321336575 0.1612299964691492
10.933336301390588 1.1537866154346161 2.3041910646757 0.1604840088203784
10.804837070094655 2.165663512696024 2.1271271088604893 0.13413123775350802
10.926425057535267 1.293662794077234 2.343397200367062 0.025066664591972182
11.0524231043982 0.5546476616536932 1.7642815056842616 0.1739802763680928
10.817316914430924 1.8076350676875763 2.095834060240686 0.14607560084886703
10.755584769903486 2.3723194668326193 2.308722803564108 0.1545572590236198
10.955524650447998 1.3731622349214125 2.439691368149828 0.12446135607874598
10.732699087900935 1.9125696057014312 1.6979512755888941 0.39421307067740463
10.822414627307142 1.8215256050311515 2.304523487879768 0.17214756786781363
10.762704306846226 1.800395946320675 2.270547988308023 0.15755651836728804
10.788139972927283 1.7348589153629774 2.0614675829985214 0.05396507079359697
10.851752801394277 1.9072705609558747 1.8321505230171395 0.16831538364529766
10.859542919001386 1.61915845648991 1.9497784257910835 0.1501215626541903
11.116107357543632 1.459444275120255 2.5334170259744035 0.12597157637525797
10.98038425246227 0.9999008842587511 2.252931595023786 0.14284745441013305
10.831563912450449 1.4987731662076287 2.230609947842461 0.16396084461713722
10.842229736517309 1.4933853471308507 2.2192749994561414 0.1529303714908601
10.944699275088151 1.934639111668731 2.2357881901845467 0.13832671763141086
10.924671843822232 1.8073024030855507 2.323177077108724 0.1296842995337716
11.043278214763246 1.6603429841984232 2.2434128513056053 0.15235053494028994
10.901419379542824 1.4970925249889373 2.3478115054217152 0.12318215416885271
10.817935134459026 1.8384678241374348 1.8766137622764498 0.16111708803160646
10.854435380759115 1.6923034008526525 2.282197599987572 0.1564711549148986
10.978559247145666 1.5289158387525854 2.2834767714683744 0.13937283669434444
11.008176502753455 1.531409308053329 2.2512225358159004 0.1316329487415531
10.778298469092851 1.9441113010970643 1.9926525310321668 0.029471020186650175
10.746379709162943 2.4090427756504713 2.315338435207306 0.1719697253988
10.814210801584107 1.6732806880302373 2.067103276202233 0.14020172823100613
10.771198207475301 2.2978506710483364 2.418119322105487 0.15779367882848022
11.181665452892783 0.564190792437388 2.2150311884916656 0.039263740071635814
10.978944723515612 1.5596174444389321 2.2418708658015607 0.16804725999772788
10.889893582417518 1.2968850559744636 2.2285873959032383 0.1712560267104274
10.811818122774284 1.8146882388274397 2.0569566329138387 0.17478511361084478
10.919763662736058 1.5732102158016097 2.2939698822239847 0.18223330409634797
10.845098692516409 1.5965454219233937 2.218622894380857 0.16159915983459439
10.805901942448253 1.5531164956760957 1.9998920343924855 0.15513924219653608
10.706577951817085 2.188893754047708 2.4552076699575025 0.12961705960420175
10.747626308795128 2.663371808581046 2.103988751511301 0.1642753301778782
10.933813806204185 0.8467529082787085 2.1491069627248733 0.021509260028054773
11.113996377077383 0.4784129970551779 1.9753118990599692 0.16216828522259052
10.89477396488326 1.2889455300287551 2.138664122053153 0.13472919060771574
10.915579750629279 2.1718981497607985 2.296787634830546 0.12781674673677687
10.8012944377694 2.4245578926056854 2.2204327137843984 0.03107094239031935
10.766008744118048 2.329855133339803 1.997205877828239 0.25583682620252635
10.952093045404647 1.8514912147318445 2.399235149040087 0.1533815179788871
10.969930331047099 1.7308666198710412 2.0162511006137693 0.14641226535508445
10.950439197645608 1.7360679176363483 2.4502249001934606 0.15523427701589035
10.792036783285933 1.2853073355684486 1.9390423333381495 0.18266152581064304
10.965820123563182 0.9022813424644268 2.0111387912060783 0.15370280779449078
10.94919253788903 1.395202901457593 2.2569877186689187 0.1647928807606795
10.812509082857751 1.9599519856272634 2.3857744245286487 0.15132996662061976
10.80300984690694 2.1467125485064633 2.117581834784778 0.13602836746140495
10.947025280752763 1.3001739434663462 2.103504428963586 0.1390467512847455
10.924720737823067 1.3341273370506115 2.152739273965192 0.1449002509657518
11.383699515707479 0.2659952117670412 2.059602780917531 0.1712000608094352
10.902247724494142 1.4469964955560977 2.305944522855094 0.1633649669399193
10.790569883496085 2.348168077419857 2.317396971429548 0.14494807567290385
10.943796839476384 1.283951506929611 2.249842144475065 0.05439338417299254
11.10299864979068 0.8095096554181586 1.987710622044451 0.1437054088515171
10.691189319177328 2.249891487181464 1.8449366801888973 0.16186556991971837
10.907217450535946 1.573831645551859 2.340621853836893 0.1697441706224659
10.860713288383753 2.1939269105357786 2.0086407623483478 0.17469297191940666
10.778476362825916 1.4959112052993635 2.2271372101916707 0.18450106473939734
11.268214023914908 0.4053296912324329 1.8269950237644152 0.18797553685402146
10.926015373863414 1.8336526364253571 2.463846030856272 0.14596703168657174
11.17025624870517 0.7236506188417403 2.143057042242643 0.1631721139964794
11.284217997194174 0.7007116807999836 2.0995000088526354 0.1554962907422091
11.404462374326945 0.2989523524622304 2.2593288124458812 0.16108837789401786
10.735790824122997 1.663182597578721 2.13971154922608 0.14884397650319264
10.9859648106947 1.0694031313749894 2.0175262668182405 0.13920104233365177
10.836176715040867 2.0698696483054366 2.0930265100426464 0.1298346316984777
11.007890379040312 0.9942970406388532 1.9792235619223755 0.14906437879286485
11.224837134338648 0.3952353863977202 2.005075532299404 0.2751184792199151
10.990633037767203 1.3506044062491864 2.208770167272687 0.13702773171220725
11.12097153867729 0.7875001382893683 2.400658955416757 0.1440990787669451
10.853257525792756 1.5156374151786982 2.3757357290177277 0.16459964143842964
11.189654409470837 0.4942312483846228 2.1429290411229767 0.1725464727055921
11.294406998059172 0.31754829215689373 1.95946875658976 0.14922544304567348
10.758084357744385 1.8076452242195462 2.2734231850778372 0.13720934876589153
10.994950183580405 0.73680564734305 2.333929487905894 0.16041384018647306
11.13861326847878 0.6853245863455536 2.1891140267261586 0.14886522688981135
11.080294773712836 0.798711351939229 1.7472858338074 0.07225426171777212
11.125766563872286 0.9317768153754822 2.257068377028243 0.15944881329105923
10.817217617317924 1.9051434257372732 2.3096397841746357 0.15457567937038236
10.865549564077682 1.588515066933838 1.839148487499396 0.3955405301885984
10.78719072422529 1.9609666771702483 1.903991650593748 0.4000601436774846
10.974528411597099 1.062570486767791 1.9914017035193436 0.13374186422332848
11.166973780287591 0.7368269482700541 2.1642396662732253 0.1680274920086544
10.938064430715345 1.4092108549009148 2.365683450164416 0.17566114554892356
11.136240694287881 0.8909462906017118 2.329407459161064 0.16406535582989315
10.876066034378834 1.7383204692360685 2.1635566857564186 0.1423766620842771
10.832564352778542 1.7182690206103206 2.4222047511505638 0.14170661553506808
11.021975896627623 1.0415779816751245 2.2562529819182973 0.13791200746762156
10.761827179678866 2.206782997168457 2.2890258581590657 0.16164441272107755
10.874531485855487 1.3866702409731937 2.4495062528468337 0.03213633572703887
10.875278626684127 1.992632290238324 2.4542892484367798 0.14800249029893447
10.830176366851244 1.367502526532793 1.9336476695042404 0.3694726569310521
10.907217443007681 1.1636167391672962 2.080644780650494 0.13606168745832453
10.76418951491254 1.7607220555841137 2.2078895046542577 0.13734155492355318
10.80243741168066 1.4185761127553336 2.1554792915336627 0.14559915871584578
11.027011176875682 0.8389695990177903 1.988108157495215 0.13935624963506416
10.953659435324269 1.148894977504791 1.9901534970307853 0.14735674496469303
11.033124221362922 1.0403774693172225 2.208250630262547 0.1331610095957897
10.984413717574471 1.0106827892463441 2.2837199219358597 0.1540084503926658
10.88992672410982 1.5196646106539877 2.320621440775333 0.16654045825376557
10.947901768585071 1.3416921830575808 2.343262295829508 0.18127055532380112
10.907178941495255 1.2421786207151055 2.147275439094136 0.1338304745079779
10.90692400016142 1.3524602045627447 1.7724026353141566 0.3749393861101645
10.845512476922904 1.3239006230091057 2.2622579468842132 0.17492793282442837
11.055125579106104 0.9698285822624763 2.095547442646139 0.030161803209623333
