11.329406593802275 0.22417415515532554 1.6926872805521314 0.2076601947315355
11.41086687164656 0.1473899896342196 2.1115591783020027 0.138941579118194
11.330668726783985 0.18017349381650336 1.8108408127196327 0.18738687322651507
11.436654406142802 0.09870277592891237 2.3413447219916628 0.05820896772841176
11.262164778606556 0.24204001145360052 2.074782746421294 0.12310147984790508
11.404203965637842 0.15624359215422734 2.2883332650514463 0.1886341523352914
11.429470135366367 0.0766880094470308 2.1350984852154684 0.15018460890157415
11.35200271023695 0.17224611092563072 1.8806943710544881 0.16357047559533722
11.444063143728746 0.11317807338236471 2.1597107624744867 0.17105744231080902
11.533979463119135 0.07612737875417154 2.345225398665038 0.13603224659651433
11.4462493396712 0.18426487926691734 2.385264086526684 0.12744775930412247
11.511948801590169 0.0986735813326117 2.2819379099583665 0.13214007345768689
11.456378316019624 0.06307453428175365 2.1655751384318127 0.04708588411865085
11.333387864911561 0.15878761516135484 2.011220757536692 0.15420435007543395
11.496787655860533 0.0737200072761672 2.267943122965125 0.1406488301443301
11.283026047649274 0.23340012886927064 1.8453824805846282 0.06990827658460068
11.279155085286439 0.4541282041310328 2.291631927233529 0.13685056775599685
11.311609949616193 0.26195219804852776 2.026510053048737 0.14861867055281408
11.211158990272027 0.24191673861885438 1.7210820731137957 0.39190483559337275
11.530086662434318 0.05070225642871473 2.4661749804824806 0.039546749874122836
11.336277150623568 0.14689347722430757 2.028629613395061 0.14498658113780008
11.406295968577039 0.07800096350522996 2.2057912065264893 0.04176099690779009
11.369331230521695 0.176765075487276 2.334060365831897 0.1827389795749589
11.546226608059873 0.06465971344585479 2.2133854698765734 0.04432769671867422
11.328118036060003 0.17777210536017074 2.0640940882259953 0.15922191491667453
11.418644411490476 0.12804618003442553 1.747248575718764 0.40078370461440155
11.384841700077931 0.18149572516100057 2.3272681042047636 0.17035073783514978
11.324588061433868 0.17619449423052072 2.122916911789563 0.14287584440186868
11.39475501586453 0.1088292182126684 2.0929684677093108 0.05376176066695531
11.457287477633193 0.07171236220499752 2.480245016455196 0.020755725179323673
11.262780861474193 0.28537461289842275 2.1891648111355666 0.17416185463896483
11.527115070701857 0.15493210711295094 2.2433468850251326 0.13664459961603279
11.498353759474297 0.0516329385774964 2.309594163346756 0.14530508854739488
11.318380037012941 0.28635331064046443 2.3014176529993295 0.17594697751882227
11.412185975629834 0.17710239808988745 1.9671051767311845 0.15369027632261018
11.45268511273481 0.07685881845997314 2.283450305457875 0.03311713147433482
11.308329962176021 0.12121355853145052 1.8267908636813774 0.16930974797027937
11.475293452499992 0.06059538954922964 2.329021641011537 0.04862613656986576
11.351624316362145 0.11489004533811042 2.1476514797223674 0.35539744900869413
11.375071101911077 0.20919565405115775 2.2766228139341687 0.2120022843519299
11.371075679808829 0.10493298062698314 1.8578073231410197 0.06440781751730272
11.53394190166554 0.058074862548285214 2.245550611156396 0.13643268578065346
11.305382166414484 0.3171727079379212 1.397005329174896 0.3978196442075376
11.433708500331754 0.07080556649965512 2.1705834615072015 0.019164151161749333
11.288635193185964 0.2164815170166879 2.180766070336167 0.1714614625068102
11.379843455120467 0.19140787734802003 2.275958935627133 0.16365780798991825
11.39469204082883 0.11412860170252824 2.2053443182430854 0.1477892922972193
11.370147459165485 0.09148754997255204 2.2695899494767913 0.16420799999241334
11.376004554016907 0.3625888734960898 2.379177664216046 0.1724193628995054
11.320181427547302 0.14011650312768956 2.0666061651181553 0.15010046750264086
11.417086981923658 0.08748560799948252 1.9560730692598467 0.0467962507779939
11.51479374520331 0.10064902461090315 2.395355770306083 0.14745280309949826
11.29480894331943 0.15575969056466443 1.9602522688818809 0.049899482565834916
11.503456093185179 0.11203389634933204 2.391502960948805 0.13613160530854856
11.468170850941561 0.11554953969462016 2.1866358770797922 0.02379221612684679
11.469535703702313 0.0844053173104244 2.380377084477047 0.1761347793149836
11.497035157705678 0.1096542643823071 2.1246823445719674 0.1418385651794066
11.330409519198787 0.16662989972418696 2.150030313083269 0.13944143309735496
11.433803880038006 0.08658016050665941 2.1409568341708978 0.16021921418987453
11.48829413749147 0.07610886756218702 2.351970151012743 0.342876093242462
11.400387260592625 0.0970783803361926 2.3533364106084833 0.1638234209852188
11.294271551729233 0.2025660232426814 1.940708783858346 0.1412378051555593
11.436139666567485 0.1122882076038238 2.2192464999719506 0.15367577645878602
11.245775155547419 0.19258001028869362 1.9239012151364052 0.1432973046142495
11.478596239267283 0.07246195671559974 1.9253480367520193 0.3816325924131305
11.561340617808234 0.0658505603171541 2.3801037178984097 0.15252383209666331
11.627163803225859 0.06310116591163682 2.5317126630763074 0.1449900960939231
11.521265923683137 0.05983150481956147 2.25302360557655 0.022633784851829125
11.351286296591946 0.10714393237647164 2.1684697381728135 0.14987328719370172
11.407211111582171 0.0755653989169554 2.15438983598328 0.14104912987771534
11.573170450089622 0.05619231744749286 2.345931848213562 0.14352103388702142
11.490223077177038 0.0774743824200778 2.1971889128725666 0.18833547564550274
11.355660009686686 0.17591455785407148 2.3311407324497115 0.17033380875007798
11.378517568245336 0.2055645564586207 2.17875699018598 0.12917556781197237
11.41909516144282 0.11568859217586004 2.327303446605009 0.16817459571558432
11.3752637452509 0.12589045628709314 1.8533002360550785 0.1754510612287972
11.426675253266449 0.07976768279191282 1.5883083658014638 0.42289624591581854
11.571437200394135 0.04277701135467753 1.9636622463477855 0.1538483713208298
11.25543728685698 0.3304942663230962 2.137444205468455 0.15292003010233593
11.576108979970607 0.04995622112902451 2.1183347460471955 0.15536412835408117
11.484037973189556 0.124581761139141 2.2498198674262664 0.13369056127856474
11.472208817212978 0.08769745118548081 2.2301057212681847 0.13981738272785
11.253925405292522 0.14980892808694532 1.7602165751884546 0.19457183711956413
11.559570050964645 0.047708692763572626 2.254604726730505 0.13819975011616425
11.486753832860567 0.04973455201955873 2.412765049596789 0.05389108063529772
11.421927205718092 0.09011199769572506 2.1917669985159973 0.031727032317320436
11.189659563379319 0.3078483945895947 2.5726358323163807 0.11328763070815494
11.337528188955606 0.16024019650423177 1.992446501600793 0.15446015099037963
11.409057388429988 0.09117110836805976 2.064066943701587 0.17165406422783805
11.399754641673267 0.07209170012047808 1.7997836577511375 0.167018217703793
11.436118348440237 0.12036983235230998 2.329231645798647 0.15385215067982
11.553681891995002 0.04925611074397103 2.270279622715014 0.18549411825359263
11.385405216994396 0.28165998304398493 2.0582621677249775 0.1454574299657472
11.404211985092209 0.19172182319144027 2.3453489627149837 0.14888756752356078
11.330410158626087 0.14997515968900962 1.5329599388449204 0.17487712371718359
11.44816346528142 0.05893429100035224 2.2219577326511235 0.036593052397111046
11.574666386267138 0.05583361181940458 2.378871115793324 0.04061127601043599
11.386305558584363 0.07475089628068947 2.0799525372865584 0.04214518681716781
11.376654918828219 0.0992518855752261 2.166824931224688 0.15549715326427066
11.375945416628966 0.10589177347826936 2.1859924843975302 0.37016890571037336
11.412156610183267 0.16853658615761288 2.0958921262452406 0.15485018179828505
11.428285256428403 0.10078986388295588 2.267893974289021 0.1621098268681224
11.640295707411102 0.056608039979010816 2.48268067616385 0.15858619900138918
11.550804921321792 0.058859430071115056 2.2934867518034343 0.14965223740939085
11.259353670713256 0.389518026525146 1.8776908868808235 0.15895625094900542
11.550179346647889 0.08343793444011419 2.3264044343008337 0.1487702178056677
11.476269067104033 0.07551113081229155 2.340972394836853 0.1624554835789913
11.544274091260464 0.03891216270055514 2.0235994346632142 0.1440118277867433
11.539192744609451 0.052109643878021694 2.389912245517534 0.16384496967230489
11.464197785658529 0.0804890228597653 2.1284545488835307 0.16760134897841347
11.449257606605554 0.0790517087585792 2.21223434156706 0.1364739369636769
11.424649990975706 0.12486582708474905 2.1296610238660643 0.1390294340233099
11.46310610698925 0.16606578325593113 2.3191381630042667 0.17505686147394237
11.351173189563685 0.2186818414142905 2.4057742915655216 0.13839780461745005
11.453488393143125 0.10620349356099044 2.276501081230891 0.03454825014589582
11.473163800647834 0.10262061438971062 2.1105374807223143 0.1364151320552365
11.304004135710926 0.3163755428053922 2.0946058609675617 0.19305492877176703
11.442230093948252 0.10273356111708958 2.044472542632328 0.15639025200760498
11.37011050779288 0.10310215973932939 2.5253469923607303 0.02802399087094824
11.357267018940783 0.11207984496584211 2.2128022583841345 0.17228238305561888
11.279681218542022 0.2865680676517744 1.5731193014286307 0.18144728280114775
11.274784572639378 0.3856493254633351 1.974448043529647 0.15658710399043485
11.49438128100626 0.1004289946678071 2.344166037150295 0.12325737415348623
11.609537438217126 0.05010253639527178 2.2926720524864352 0.167813642514147
11.231720330338499 0.35465587181088565 2.0963479207735864 0.15493573696115912
11.403281835373914 0.08977137183327404 1.8926988718102973 0.04410527863806004
11.481172471084593 0.0727024639917708 2.1030770485519943 0.15983678870452298
11.583221248870366 0.05953391779265729 2.2640871800234614 0.12715061269424077
11.36985887900485 0.19123846422456303 2.2046587196522545 0.13560073044042564
11.561393008706535 0.09239240553220487 2.4857441850450015 0.14098012108188837
11.415103539251005 0.1816084022222676 2.1013990485084784 0.19440251783098195
11.394277046649014 0.1885380020683452 2.166301360934911 0.174707757922901
11.519668198503764 0.06643714183856445 2.2021202900387693 0.01372123481485387
11.410822771220383 0.12148383043424668 2.1459630642682654 0.1559852294975437
11.382059256925572 0.1408529759250444 2.0130902384181617 0.04652348125637246
11.448521276709009 0.06900228783844159 2.038764475919492 0.14680855441566787
11.308547395941691 0.21038669337841262 2.241872131380295 0.1475800147855846
11.503876765955194 0.06513508824731502 2.1634348797445804 0.1438140897094163
11.506122392772927 0.08268478163733 2.2147084634485674 0.1566636892576064
11.439349926544505 0.09243570106139076 2.433603321336575 0.1612299964691492
11.38274462186496 0.13032923378659494 2.3041910646757 0.1604840088203784
11.529257131000604 0.05724876935315165 2.1271271088604893 0.13413123775350802
11.412002915754307 0.1307090666888192 2.343397200367062 0.025066664591972182
11.162730489483367 0.33284455516879247 1.7642815056842616 0.1739802763680928
11.453167346048106 0.0845564597546266 2.095834060240686 0.14607560084886703
11.51898560213086 0.05089034199223943 2.308722803564108 0.1545572590236198
11.498470037510241 0.08520873519800641 2.439691368149828 0.12446135607874598
11.389271836044008 0.083432430962396 1.6979512755888941 0.39421307067740463
11.463776934545779 0.08127992702406711 2.304523487879768 0.17214756786781363
11.404555982821558 0.07616601556282147 2.270547988308023 0.15755651836728804
11.414913341699869 0.0787228775285718 2.0614675829985214 0.05396507079359697
11.522960311441606 0.06604605688673536 1.8321505230171395 0.16831538364529766
11.447631084903099 0.0961361833614969 1.9497784257910835 0.1501215626541903
11.7243915421515 0.04669370709036492 2.5334170259744035 0.12597157637525797
11.354043668239074 0.17246210101554868 2.252931595023786 0.14284745441013305
11.383802488496913 0.1079173199549191 2.230609947842461 0.16396084461713722
11.393523246778111 0.10759726323163908 2.2192749994561414 0.1529303714908601
11.635596803814945 0.05149771741785866 2.2357881901845467 0.13832671763141086
11.580982296012682 0.062242136766042025 2.323177077108724 0.1296842995337716
11.680131330929706 0.053940689010203616 2.2434128513056053 0.15235053494028994
11.483847128021274 0.07318496786209328 2.3478115054217152 0.12318215416885271
11.46621090553569 0.07710009742782142 1.8766137622764498 0.16111708803160646
11.466327231055601 0.085935396126774 2.282197599987572 0.1564711549148986
11.553815200548229 0.0885442492624353 2.2834767714683744 0.13937283669434444
11.599619734188764 0.07158003962172214 2.2512225358159004 0.1316329487415531
11.453452310707242 0.06898258666887219 1.9926525310321668 0.029471020186650175
11.52083444286889 0.04555886484759992 2.315338435207306 0.1719697253988
11.422412779833817 0.08573147722229169 2.067103276202233 0.14020172823100613
11.518447410923674 0.05560216463437388 2.418119322105487 0.15779367882848022
11.3057868790395 0.3160086393650878 2.2150311884916656 0.039263740071635814
11.586290283575488 0.061923765689841925 2.2418708658015607 0.16804725999772788
11.37564017976574 0.1315311697290455 2.2285873959032383 0.1712560267104274
11.472495248958612 0.05930757124953182 2.0569566329138387 0.17478511361084478
11.50124493725634 0.0924241056565583 2.2939698822239847 0.18223330409634797
11.445776269655289 0.0764187324948467 2.218622894380857 0.16159915983459439
11.370185567307411 0.10785213064885794 1.9998920343924855 0.15513924219653608
11.446317437653592 0.04613952270839344 2.4552076699575025 0.12961705960420175
11.571747522712553 0.0339934028457526 2.103988751511301 0.1642753301778782
11.23108481396609 0.21184903239050012 2.1491069627248733 0.021509260028054773
11.160459146400104 0.38581781944830207 1.9753118990599692 0.16216828522259052
11.378288003637463 0.13184362554910026 2.138664122053153 0.13472919060771574
11.66669592373995 0.03566540789349333 2.296787634830546 0.12781674673677687
11.582385347169824 0.04164271058681231 2.2204327137843984 0.03107094239031935
11.52614159427784 0.047748200336433684 1.997205877828239 0.25583682620252635
11.654283085562906 0.03624002472884524 2.399235149040087 0.1533815179788871
11.627127534061385 0.048545206046696585 2.0162511006137693 0.14641226535508445
11.58556988550357 0.06990036567926011 2.4502249001934606 0.15523427701589035
11.279983862654463 0.1250074037552265 1.9390423333381495 0.18266152581064304
11.289816554993072 0.1996235809676414 2.0111387912060783 0.15370280779449078
11.476188096089608 0.10970855586618312 2.2569877186689187 0.1647928807606795
11.491309246120412 0.06811856624059354 2.3857744245286487 0.15132996662061976
11.527223202982663 0.05430629213026959 2.117581834784778 0.13602836746140495
11.44057729489848 0.12262660503171759 2.103504428963586 0.1390467512847455
11.428237806705052 0.1206292763975384 2.152739273965192 0.1449002509657518
11.17332456152523 0.7023740612470414 2.059602780917531 0.1712000608094352
11.442670244604528 0.10802425730216508 2.305944522855094 0.1633649669399193
11.560288955195043 0.04162354646922439 2.317396971429548 0.14494807567290385
11.430434957911395 0.12623516611746052 2.249842144475065 0.05439338417299254
11.384544785023742 0.21620943363032027 1.987710622044451 0.1437054088515171
11.42328074233269 0.06361498354398021 1.8449366801888973 0.16186556991971837
11.488689755202119 0.0925901264866568 2.340621853836893 0.1697441706224659
11.606357529386365 0.041823023003612805 2.0086407623483478 0.17469297191940666
11.33558140313973 0.10124422720318668 2.2271372101916707 0.18450106473939734
11.242465714394083 0.45660928259637873 1.8269950237644152 0.18797553685402146
11.589625095026506 0.05991389217054854 2.463846030856272 0.14596703168657174
11.403246048571136 0.2429314723018974 2.143057042242643 0.1631721139964794
11.509910165610535 0.2407982823576539 2.0995000088526354 0.1554962907422091
11.248911777330006 0.6147297391472324 2.2593288124458812 0.16108837789401786
11.350119291813737 0.07656698643415955 2.13971154922608 0.14884397650319264
11.39536569686908 0.1517063078420443 2.0175262668182405 0.13920104233365177
11.555979986459166 0.04653112647452977 2.0930265100426464 0.1298346316984777
11.38573467862361 0.16437366908063739 1.9792235619223755 0.14906437879286485
11.188772324554451 0.46705529555944875 2.005075532299404 0.2751184792199151
11.505825211121238 0.11112760907750499 2.208770167272687 0.13702773171220725
11.390298920116004 0.22292695691122083 2.400658955416757 0.1440990787669451
11.414162928788219 0.10194727387426394 2.3757357290177277 0.16459964143842964
11.249532118584007 0.37465593976060463 2.1429290411229767 0.1725464727055921
11.163629824466677 0.5817008952547758 1.95946875658976 0.14922544304567348
11.391323605189164 0.08760144996317741 2.2734231850778372 0.13720934876589153
11.234600015761535 0.2401989095454274 2.333929487905894 0.16041384018647306
11.344208226321356 0.2631327749898542 2.1891140267261586 0.14886522688981135
11.35729068765634 0.21735975007422592 1.7472858338074 0.07225426171777212
11.476676205090405 0.17480049189447533 2.257068377028243 0.15944881329105923
11.505854384032348 0.048899904739235195 2.3096397841746357 0.15457567937038236
11.45846841219439 0.08307636615262183 1.839148487499396 0.3955405301885984
11.461582186342985 0.07315935421445655 1.903991650593748 0.4000601436774846
11.37201613945923 0.1651525093479534 1.9914017035193436 0.13374186422332848
11.409180076202492 0.23626452946713591 2.1642396662732253 0.1680274920086544
11.475482979864957 0.10112139054718502 2.365683450164416 0.17566114554892356
11.466392609677648 0.18549180091867182 2.329407459161064 0.16406535582989315
11.511892430894576 0.0696332894431641 2.1635566857564186 0.1423766620842771
11.460303814024607 0.07404220102468789 2.4222047511505638 0.14170661553506808
11.42141355457954 0.15422753736828784 2.2562529819182973 0.13791200746762156
11.508247938320498 0.042846983197682306 2.2890258581590657 0.16164441272107755
11.398214076472993 0.11129424161601059 2.4495062528468337 0.03213633572703887
11.593337694332162 0.03846864523393635 2.4542892484367798 0.14800249029893447
11.336085162822895 0.12787185170835505 1.9336476695042404 0.3694726569310521
11.345083612723203 0.14882266155224871 2.080644780650494 0.13606168745832453
11.383138100843695 0.09369310512679727 2.2078895046542577 0.13734155492355318
11.326863494484806 0.11971065317022218 2.1554792915336627 0.14559915871584578
11.33103091634561 0.1980973668166508 1.988108157495215 0.13935624963506416
11.396114145762855 0.1375340963577684 1.9901534970307853 0.14735674496469303
11.431773349231193 0.1548117731825098 2.208250630262547 0.1331610095957897
11.366129264493258 0.1658259920572731 2.2837199219358597 0.1540084503926658
11.448820426460603 0.10546187212428701 2.320621440775333 0.16654045825376557
11.452571200052446 0.1215007298364331 2.343262295829508 0.18127055532380112
11.392082761576104 0.11516721079160892 2.147275439094136 0.1338304745079779
11.413839619340344 0.12196482077668189 1.7724026353141566 0.3749393861101645
11.350018352132006 0.1162736755639248 2.2622579468842132 0.17492793282442837
11.415382237270084 0.17835230316246414 2.095547442646139 0.030161803209623333
