11.058237247856532 0.795039771362642 1.7660250537841913 0.17284406612316675
10.979132743442715 1.1372322400249075 2.2084622286780418 0.021459041361107094
10.969056117186394 0.9784459759328628 2.0347895135187004 0.05942318876581927
10.861069689646285 1.570497594414182 2.3329965906967107 0.04348301828291161
11.017823520211392 0.7527791562235744 2.0603304811121994 0.037428559018564865
10.997585791781713 1.0715088597989182 2.2176521017998723 0.049296933645950496
10.762775125878022 1.93577661103223 1.9453822396921996 0.04210167129591032
10.973474781171157 1.0155847934529318 1.8969571731432848 0.138713380952369
10.922076127124981 1.3859796731583287 2.2820347538530634 0.026391205192838225
10.91062676094638 1.7058722569374591 2.3225002353911295 0.03778484853210477
11.108925964893382 0.9103890293251444 2.4006810267536567 0.10951217954086619
10.96822377754721 1.4274527433663626 2.3360377797574126 0.02679312500046043
10.737633795527023 2.164872181667369 2.2042906005391623 0.045711934067823486
10.919834449978962 1.1024765745911955 2.0214269775736753 0.13152055843452376
10.843905451081833 1.8467652848584941 2.3823335460947472 0.104329750026125
11.024655501910614 0.7760821574789651 2.1967503699933317 0.04122044227542434
11.303471945685748 0.40575555511115136 2.299768443616235 0.11449801403330562
11.104801385619643 0.686555018626775 2.0706955639952906 0.03753653091678977
10.96776548375824 0.7499731917394983 1.5977176976984098 0.2826123700944668
10.819223196178765 2.04461961566306 2.51196759845509 0.048864012215277836
10.907945214809562 1.1235730207828278 1.999698428284712 0.048090845867969835
10.772993048855968 1.7647789143705697 2.375076797803643 0.03509587020292655
11.008774143246765 0.9671299637383832 2.2860483362886357 0.14651133162808513
10.946186031309184 1.5388149640681614 2.276129745068675 0.03646539154582135
10.972396971282397 0.9538745237339011 2.0215479232858646 0.05798970505380578
10.962751570235374 1.1711274563565175 2.3659725116328976 0.25498666758316996
11.045489527816294 0.9105869373532568 2.2938712524561793 0.061976033075529575
10.952549234087575 1.003403585170353 1.9731198119160926 0.056364751930209636
10.881261951058082 1.3357823760325371 2.0882157621981317 0.04382448032435746
10.807644736526642 1.8199272635706676 2.477339732975497 0.023414178674536042
11.09607888088686 0.622065017086407 2.178495079986123 0.048578971881375874
11.142106968083825 0.9948259190382803 2.2977858803758995 0.024154401233744054
10.817738960911036 1.8780371028052485 2.215394836285226 0.032838483324935615
11.148308715257022 0.6317499439566588 2.2658223492619856 0.15789539675060774
11.08127391630066 0.8750157403688191 1.9304219221388914 0.1383581644628183
10.822075101794919 1.7457997990150436 2.3205141368790616 0.031527785404729225
10.791308297117242 1.3921693136203126 2.0486042439763255 0.05902454522251913
10.78407215576209 1.9896966702116434 2.304064832330516 0.03863407044639638
10.823207760372016 1.4191880971619049 2.045622728271317 0.23914080562669318
11.08056587425693 0.8333548876010215 2.2537130427579766 0.15759244529863475
10.834803231362521 1.417992864300939 2.3800446527645827 0.05546675941233712
10.840177970151126 1.9900025069742335 2.489061214762243 0.04424295895770916
11.180846208760157 0.566698147519863 1.8205775663634394 0.27451618477258866
10.800238496047411 1.7319751345383247 2.197466864131948 0.03769392209441141
11.0072282052324 0.8096334713184116 2.186137084456647 0.05342480360732577
11.061074718616783 0.8690126650522018 2.256404993306944 0.03970499945126246
10.883156997256645 1.3456021498640105 2.277032706394013 0.053758991972099976
10.773089505519993 1.6432590330392043 2.228983067754193 0.06416280834514225
11.308838606964112 0.49585449316788777 2.365959653083078 0.14950572527202763
10.88249777531236 1.1387339720853855 2.0750920322090423 0.035064736708051915
10.82746522060209 1.5913444278549969 2.162045033236497 0.02337966201840706
10.988894408110744 1.358759051866879 2.3726916482568545 0.042193209554336045
10.8799385320276 1.0992127731141288 2.034385482914072 0.04068761298539467
11.013561043842008 1.2516190626378159 2.4097168582671116 0.035559886058520805
10.968777681416016 1.3008163156852073 2.1061857805845032 0.032649585567826385
10.888909186426794 1.536737669393204 2.3343897543504046 0.06823560041340679
11.011072532518726 1.2285552147491048 2.253886085782924 0.02570574275480863
10.949667824337329 1.0093904619868472 2.168359167876288 0.03655198867654441
10.846519810510495 1.5766255947365153 2.1561150564004263 0.04736921513664073
10.827199062451102 1.902383731735612 2.3617121790416475 0.32110325288133046
10.838702353337696 1.5007326579344 2.218766610475961 0.08520230045217261
10.981849442922401 0.8731522790507035 1.9525061670464834 0.035934429318290065
10.93155185402451 1.3110532696001702 2.195313797213222 0.03709678620235652
10.91600685912417 0.9050621877847531 1.9171344970335562 0.12445716184270378
10.815006731883972 1.8981366226328618 1.839900318661157 0.2887636496780299
10.909177319117934 1.804114244122905 2.37334929670513 0.03887919777971195
11.068421511073288 1.343818561121937 2.529846412922945 0.03509976091465585
10.908146382360233 1.5763348526505068 2.1979044986098812 0.02271008012574104
10.830704035871733 1.3593499620649838 2.135028830496816 0.13494559567224393
10.750965729272767 1.8735994970385703 2.2221995714151057 0.032144138636698356
10.897011831326306 1.880819688179672 2.4049811104734706 0.030153629178070847
10.917396460178193 1.4722661558516652 2.282597443933708 0.13703326517430756
11.007342941985328 0.9261328844230551 2.26035093949438 0.06416108918913839
11.072036059278496 0.8614657799234281 2.17875699018598 0.10746475582760415
10.897789703588018 1.3916568237736686 2.2532872381326183 0.06370785505783771
10.871022097328611 1.3541843017376332 2.063581000597204 0.1286742790886507
10.766096884968468 1.9170988677233405 1.5977124830038505 0.4153202864125701
10.798738697540623 2.3768420815137072 1.919465547670162 0.04167452810137433
11.144098587142395 0.5539601541817302 2.1078441521101112 0.14908134927039732
10.857507061043545 2.0856690642889166 2.2069468271951576 0.03864908708337021
11.052972437346812 1.071261357951756 2.306453804343679 0.03356678335329363
10.861515336614824 1.693919028559453 2.1049013320515604 0.030562626028345283
10.826868260720156 1.1268941699519361 1.8147905738773513 0.07081395733145451
10.796015966793384 2.3519216627791555 2.380226923983159 0.02784589905396403
10.802224311931115 1.8876451289593352 2.394124322717907 0.028480865561757576
10.865579766762776 1.4502271003590403 2.2018697315525086 0.025977959762999072
11.047373400790221 0.595521025301384 2.551887550101264 0.008032839693087117
10.927512283644951 1.0937470189008318 2.114204622432554 0.043311048004455295
10.812907497275898 1.6375873563371393 2.159598537697693 0.047286368458161095
10.704227014911632 2.0758202284582086 2.1444131513182025 0.12964843836560108
10.934561513475314 1.3252807117360106 2.3353020725500073 0.04624759063802318
10.830604545893255 2.1079449346992343 2.1665355872268246 0.052907172823011335
11.213551036227978 0.6291511745902474 2.0670291751722956 0.12498898914254941
11.102686237813588 0.8187061758550097 2.372266375728072 0.06280661983971365
10.888940972540079 1.1801672988883816 1.561225824118179 0.1921337155866293
10.77760355642958 1.8657521421533592 2.085702012015254 0.05022711816650917
10.956993683448891 1.5760445605694753 2.274572079243053 0.04693395529955942
10.756957164916988 1.7296753154307904 2.070716749335434 0.061235851798094286
10.827164273796914 1.4547351906498913 2.1735739447856552 0.03427382989792153
10.816848051116594 1.5221810500444197 1.920047164927204 0.2624272313504031
11.033774082938246 1.0061531511367894 2.085814567491181 0.13022114492387085
10.8807191033867 1.4519808893778958 2.282438084367751 0.04439329084159739
11.019178598640877 1.5974381261111215 2.463836883618716 0.017424161402780643
10.859498816189591 1.9804754374029936 2.287683725715317 0.031404867221273794
11.217182397769726 0.4735167734139732 1.8531789275699295 0.1409665090416776
10.948550228502604 1.6315739757065963 2.3099758380820687 0.13345277874665284
10.809374115305381 1.931142307817817 2.3553969296915906 0.05602642763044795
10.720200946387054 2.707381125069731 2.2068782997645986 0.015525072566507267
10.790186166198584 2.287086738913752 2.387528117499612 0.1441080282641187
10.815103997016392 1.858667566714263 2.1361736760355847 0.14150700326203255
10.788153972371129 1.9165510393987468 2.2296954454771627 0.1531166513298275
10.924866035735562 1.3325742675664451 2.147165044571091 0.02895655479018252
11.085541109586208 0.9974695548843541 2.303853500775546 0.14048290550155765
11.068021365051083 0.8188908130567781 2.40475331767923 0.04768077539475035
10.903642831930423 1.4818631198795114 2.3113389040217207 0.021845600845869978
10.914851846936752 1.5064672884514834 2.170717438168929 0.028551495403898834
11.17415096983271 0.5779581815021073 2.107241056555705 0.06920025209342671
10.87611893765897 1.542272162474089 1.9926186230610254 0.04977690068128512
10.78450512980843 1.6348635677428685 2.422860657657531 0.04477771106077905
10.802889732750847 1.5235413195560488 2.2112714267676763 0.14600124179083382
11.106368585688514 0.6400607198822243 1.8552309818298964 0.06530049013890875
11.228288679384578 0.47829503295409104 2.0072440862462906 0.04477028177347105
10.93576760023469 1.4996174844035783 2.3392427374145477 0.1046816714946332
10.898524970464356 2.04164858956418 2.2854251555944978 0.1413944571853655
11.148032913912449 0.5223029139420342 2.04179612429186 0.06242935243221029
10.773898773727867 1.7972294552652996 2.101390141681514 0.030650772885957838
10.783779199252844 2.0898751826269244 2.20187741750302 0.05088380397107788
10.892714354456716 1.9797323475978046 2.2443737419362493 0.015347407339126899
11.034081614477214 0.9208330237245574 2.246606031997552 0.01774132010443683
10.993801139901846 1.5092851087895 2.5099789149506266 0.02966575190475752
11.057684941591067 0.9681325504428872 2.1626916657295783 0.13871492729769938
11.054920462816943 0.9261322372491547 2.1428366329883466 0.07113158990699563
10.833551770517701 1.9922918894168127 2.277412909862464 0.02250700669534351
10.90000112341371 1.367079374573042 2.18564692050594 0.04011683366177456
10.922734180526136 1.2215805354186104 2.018431524707955 0.050914455837010396
10.740787892776634 2.131365958348553 2.1238337891377586 0.034006356694720866
11.023953133725172 0.8069996762511308 2.226060890276801 0.10575060981440344
10.81839848274592 1.9818006862413537 2.2115920548127552 0.031307900723170676
10.894422256404603 1.6773173119649105 2.2152345433828464 0.13080808311335201
10.828484599909965 1.7148034461837836 2.417040766309588 0.13850853863553522
10.933336301390588 1.1537866154346161 2.350937441259821 0.1269002896335492
10.804837070094655 2.165663512696024 2.259697190461861 0.03349164467638447
10.926425057535267 1.293662794077234 2.4095216314658816 0.0394101339354852
11.0524231043982 0.5546476616536932 1.8874040607646438 0.14328359672583968
10.817316914430924 1.8076350676875763 2.0125449971730056 0.030333883138572694
10.755584769903486 2.3723194668326193 2.446045200230433 0.05649238201016866
10.955524650447998 1.3731622349214125 2.438887573743516 0.10083862960353945
10.732699087900935 1.9125696057014312 1.9673034286492954 0.25784055991693267
10.822414627307142 1.8215256050311515 2.2792253653556944 0.059041932425547575
10.762704306846226 1.800395946320675 2.3102464581234146 0.036213735142655475
10.788139972927283 1.7348589153629774 2.1137435843589336 0.04108706370214335
10.851752801394277 1.9072705609558747 1.9276344290649645 0.041233920149423425
10.859542919001386 1.61915845648991 1.9804076658044287 0.037277317456350566
11.116107357543632 1.459444275120255 2.5308873533229215 0.10362713516074257
10.98038425246227 0.9999008842587511 2.13706468999646 0.05110553000030719
10.831563912450449 1.4987731662076287 2.2289887603171974 0.04884462166483811
10.842229736517309 1.4933853471308507 2.231317100557842 0.12610981844043853
10.944699275088151 1.934639111668731 2.2611680218477344 0.11666796313245514
10.924671843822232 1.8073024030855507 2.365355305632441 0.018521593763798184
11.043278214763246 1.6603429841984232 2.2433981610108806 0.1303806262408299
10.901419379542824 1.4970925249889373 2.351137213931929 0.1019625573262474
10.817935134459026 1.8384678241374348 1.793406745765482 0.1441732829634077
10.854435380759115 1.6923034008526525 2.2706742125721386 0.04345875455556527
10.978559247145666 1.5289158387525854 2.304965246148752 0.03445957394827879
11.008176502753455 1.531409308053329 2.288127806073012 0.11071920302450428
10.778298469092851 1.9441113010970643 1.9816336184688406 0.0319489995623777
10.746379709162943 2.4090427756504713 2.314525502099777 0.15098092595934218
10.814210801584107 1.6732806880302373 2.002625559270662 0.03311200272323635
10.771198207475301 2.2978506710483364 2.42101406021209 0.13084232048306496
11.181665452892783 0.564190792437388 2.2183041920553626 0.0320993308549259
10.978944723515612 1.5596174444389321 2.2382346027545936 0.045740337839266995
10.889893582417518 1.2968850559744636 2.2224365202728804 0.12461434344716969
10.811818122774284 1.8146882388274397 2.0097376840381975 0.1519397126342122
10.919763662736058 1.5732102158016097 2.247661021790084 0.1544881500173024
10.845098692516409 1.5965454219233937 2.2066533148991674 0.13894305705939294
10.805901942448253 1.5531164956760957 1.9677675512369488 0.13585176916078356
10.706577951817085 2.188893754047708 2.424116178689007 0.09756967769886743
10.747626308795128 2.663371808581046 2.139730972078897 0.13582926122366137
10.933813806204185 0.8467529082787085 2.0909869248015007 0.03959788390910863
11.113996377077383 0.4784129970551779 1.9209018924023062 0.06608342345854873
10.89477396488326 1.2889455300287551 2.150352938379732 0.11714334876290139
10.915579750629279 2.1718981497607985 2.2856840799648976 0.01798532064295178
10.8012944377694 2.4245578926056854 2.2245293429887 0.04185014900291274
10.766008744118048 2.329855133339803 1.7001778904268592 0.27309198234065146
10.952093045404647 1.8514912147318445 2.3922264203006662 0.1323590440784829
10.969930331047099 1.7308666198710412 1.9833454447543615 0.03772651216645578
10.950439197645608 1.7360679176363483 2.4406934776619167 0.13351567608085266
10.792036783285933 1.2853073355684486 2.0024739002588516 0.06856718023599084
10.965820123563182 0.9022813424644268 2.05387957583738 0.03764722039055435
10.94919253788903 1.395202901457593 2.1940932992827875 0.12146413237870078
10.812509082857751 1.9599519856272634 2.339592054423233 0.12839172229184737
10.80300984690694 2.1467125485064633 2.164157628667354 0.018949259915657313
10.947025280752763 1.3001739434663462 2.1946634152789852 0.11251806672984696
10.924720737823067 1.3341273370506115 2.1349577342000305 0.12662312388835767
11.383699515707479 0.2659952117670412 2.1296126153796786 0.14189060498788725
10.902247724494142 1.4469964955560977 2.2660116063139673 0.13456231273606306
10.790569883496085 2.348168077419857 2.2967071518289446 0.03396185859934199
10.943796839476384 1.283951506929611 2.336063743784891 0.013884079883880811
11.10299864979068 0.8095096554181586 2.0817377164195445 0.03756812012069212
10.691189319177328 2.249891487181464 1.9207585444034767 0.1358910697444723
10.907217450535946 1.573831645551859 2.373341376161473 0.1425118500604154
10.860713288383753 2.1939269105357786 2.345828954262425 0.04837241520484238
10.778476362825916 1.4959112052993635 2.177994713514719 0.0626895997831783
11.268214023914908 0.4053296912324329 1.847212936459356 0.15617359249232388
10.926015373863414 1.8336526364253571 2.471578629599752 0.11537709906120736
11.17025624870517 0.7236506188417403 2.144728887274128 0.17116722634242487
11.284217997194174 0.7007116807999836 2.137430986718262 0.13158655752781917
11.404462374326945 0.2989523524622304 2.30394785070114 0.13378023959246468
10.735790824122997 1.663182597578721 2.2833614681822385 0.03357016341580793
10.9859648106947 1.0694031313749894 2.0845771547436223 0.11606400652016481
10.836176715040867 2.0698696483054366 2.1863547498272546 0.04073116183073691
11.007890379040312 0.9942970406388532 2.056715547978449 0.03557605231496693
11.224837134338648 0.3952353863977202 1.966732164433708 0.2633081860992399
10.990633037767203 1.3506044062491864 2.243055667531948 0.11224363292161561
11.12097153867729 0.7875001382893683 2.390440874450893 0.12557461190700253
10.853257525792756 1.5156374151786982 2.3656506606012897 0.1437898792478454
11.189654409470837 0.4942312483846228 2.141785239612018 0.15059665856544457
11.294406998059172 0.31754829215689373 2.06534492574906 0.12171367671346178
10.758084357744385 1.8076452242195462 2.2168944659871426 0.12320158237429396
10.994950183580405 0.73680564734305 2.3063436925562106 0.02497920825607755
11.13861326847878 0.6853245863455536 2.1934665171195946 0.034380190587983354
11.080294773712836 0.798711351939229 2.029780198484858 0.06376842018281949
11.125766563872286 0.9317768153754822 2.224873696583395 0.03864163789472813
10.817217617317924 1.9051434257372732 2.2299722789758327 0.045173358286764054
10.865549564077682 1.588515066933838 1.8826892463969518 0.27597344750487657
10.78719072422529 1.9609666771702483 2.267879486855561 0.3662933857780476
10.974528411597099 1.062570486767791 2.200051756123556 0.026955139932259356
11.166973780287591 0.7368269482700541 2.29211957419698 0.029278150386140726
10.938064430715345 1.4092108549009148 2.351033212241901 0.14263882767271388
11.136240694287881 0.8909462906017118 2.2907693407157486 0.13741443272942183
10.876066034378834 1.7383204692360685 2.223176593252445 0.10866586650231612
10.832564352778542 1.7182690206103206 2.321540286409168 0.020629639208422007
11.021975896627623 1.0415779816751245 2.2558158657943364 0.12072309570453016
10.761827179678866 2.206782997168457 2.437127341542194 0.03955310560632542
10.874531485855487 1.3866702409731937 2.4384140085415256 0.026736400447483218
10.875278626684127 1.992632290238324 2.3669118796219304 0.044637751388922633
10.830176366851244 1.367502526532793 2.0509037027453854 0.34498010867164297
10.907217443007681 1.1636167391672962 2.18516287683428 0.0415674197077896
10.76418951491254 1.7607220555841137 2.2782769852154683 0.03288373991296085
10.80243741168066 1.4185761127553336 2.110353731040585 0.13465106050428965
11.027011176875682 0.8389695990177903 1.9805535237034686 0.02983101819860799
10.953659435324269 1.148894977504791 2.0468105270933594 0.04226448324262868
11.033124221362922 1.0403774693172225 2.249892438013745 0.022955766887917544
10.984413717574471 1.0106827892463441 2.3068801727907653 0.0259073612440678
10.88992672410982 1.5196646106539877 2.2964084924361963 0.13590632926606544
10.947901768585071 1.3416921830575808 2.325418749876129 0.15920040703719587
10.907178941495255 1.2421786207151055 2.227470521562474 0.018627036484741007
10.90692400016142 1.3524602045627447 2.104416748540972 0.3270026700757619
10.845512476922904 1.3239006230091057 2.192347206293369 0.058270545464373415
11.055125579106104 0.9698285822624763 2.0614807284212744 0.028951317639301005
