11.329406593802275 0.22417415515532554 1.7660250537841913 0.17284406612316675
11.41086687164656 0.1473899896342196 2.2084622286780418 0.021459041361107094
11.330668726783985 0.18017349381650336 2.0347895135187004 0.05942318876581927
11.436654406142802 0.09870277592891237 2.3329965906967107 0.04348301828291161
11.262164778606556 0.24204001145360052 2.0603304811121994 0.037428559018564865
11.404203965637842 0.15624359215422734 2.2176521017998723 0.049296933645950496
11.429470135366367 0.0766880094470308 1.9453822396921996 0.04210167129591032
11.35200271023695 0.17224611092563072 1.8969571731432848 0.138713380952369
11.444063143728746 0.11317807338236471 2.2820347538530634 0.026391205192838225
11.533979463119135 0.07612737875417154 2.3225002353911295 0.03778484853210477
11.4462493396712 0.18426487926691734 2.4006810267536567 0.10951217954086619
11.511948801590169 0.0986735813326117 2.3360377797574126 0.02679312500046043
11.456378316019624 0.06307453428175365 2.2042906005391623 0.045711934067823486
11.333387864911561 0.15878761516135484 2.0214269775736753 0.13152055843452376
11.496787655860533 0.0737200072761672 2.3823335460947472 0.104329750026125
11.283026047649274 0.23340012886927064 2.1967503699933317 0.04122044227542434
11.279155085286439 0.4541282041310328 2.299768443616235 0.11449801403330562
11.311609949616193 0.26195219804852776 2.0706955639952906 0.03753653091678977
11.211158990272027 0.24191673861885438 1.5977176976984098 0.2826123700944668
11.530086662434318 0.05070225642871473 2.51196759845509 0.048864012215277836
11.336277150623568 0.14689347722430757 1.999698428284712 0.048090845867969835
11.406295968577039 0.07800096350522996 2.375076797803643 0.03509587020292655
11.369331230521695 0.176765075487276 2.2860483362886357 0.14651133162808513
11.546226608059873 0.06465971344585479 2.276129745068675 0.03646539154582135
11.328118036060003 0.17777210536017074 2.0215479232858646 0.05798970505380578
11.418644411490476 0.12804618003442553 2.3659725116328976 0.25498666758316996
11.384841700077931 0.18149572516100057 2.2938712524561793 0.061976033075529575
11.324588061433868 0.17619449423052072 1.9731198119160926 0.056364751930209636
11.39475501586453 0.1088292182126684 2.0882157621981317 0.04382448032435746
11.457287477633193 0.07171236220499752 2.477339732975497 0.023414178674536042
11.262780861474193 0.28537461289842275 2.178495079986123 0.048578971881375874
11.527115070701857 0.15493210711295094 2.2977858803758995 0.024154401233744054
11.498353759474297 0.0516329385774964 2.215394836285226 0.032838483324935615
11.318380037012941 0.28635331064046443 2.2658223492619856 0.15789539675060774
11.412185975629834 0.17710239808988745 1.9304219221388914 0.1383581644628183
11.45268511273481 0.07685881845997314 2.3205141368790616 0.031527785404729225
11.308329962176021 0.12121355853145052 2.0486042439763255 0.05902454522251913
11.475293452499992 0.06059538954922964 2.304064832330516 0.03863407044639638
11.351624316362145 0.11489004533811042 2.045622728271317 0.23914080562669318
11.375071101911077 0.20919565405115775 2.2537130427579766 0.15759244529863475
11.371075679808829 0.10493298062698314 2.3800446527645827 0.05546675941233712
11.53394190166554 0.058074862548285214 2.489061214762243 0.04424295895770916
11.305382166414484 0.3171727079379212 1.8205775663634394 0.27451618477258866
11.433708500331754 0.07080556649965512 2.197466864131948 0.03769392209441141
11.288635193185964 0.2164815170166879 2.186137084456647 0.05342480360732577
11.379843455120467 0.19140787734802003 2.256404993306944 0.03970499945126246
11.39469204082883 0.11412860170252824 2.277032706394013 0.053758991972099976
11.370147459165485 0.09148754997255204 2.228983067754193 0.06416280834514225
11.376004554016907 0.3625888734960898 2.365959653083078 0.14950572527202763
11.320181427547302 0.14011650312768956 2.0750920322090423 0.035064736708051915
11.417086981923658 0.08748560799948252 2.162045033236497 0.02337966201840706
11.51479374520331 0.10064902461090315 2.3726916482568545 0.042193209554336045
11.29480894331943 0.15575969056466443 2.034385482914072 0.04068761298539467
11.503456093185179 0.11203389634933204 2.4097168582671116 0.035559886058520805
11.468170850941561 0.11554953969462016 2.1061857805845032 0.032649585567826385
11.469535703702313 0.0844053173104244 2.3343897543504046 0.06823560041340679
11.497035157705678 0.1096542643823071 2.253886085782924 0.02570574275480863
11.330409519198787 0.16662989972418696 2.168359167876288 0.03655198867654441
11.433803880038006 0.08658016050665941 2.1561150564004263 0.04736921513664073
11.48829413749147 0.07610886756218702 2.3617121790416475 0.32110325288133046
11.400387260592625 0.0970783803361926 2.218766610475961 0.08520230045217261
11.294271551729233 0.2025660232426814 1.9525061670464834 0.035934429318290065
11.436139666567485 0.1122882076038238 2.195313797213222 0.03709678620235652
11.245775155547419 0.19258001028869362 1.9171344970335562 0.12445716184270378
11.478596239267283 0.07246195671559974 1.839900318661157 0.2887636496780299
11.561340617808234 0.0658505603171541 2.37334929670513 0.03887919777971195
11.627163803225859 0.06310116591163682 2.529846412922945 0.03509976091465585
11.521265923683137 0.05983150481956147 2.1979044986098812 0.02271008012574104
11.351286296591946 0.10714393237647164 2.135028830496816 0.13494559567224393
11.407211111582171 0.0755653989169554 2.2221995714151057 0.032144138636698356
11.573170450089622 0.05619231744749286 2.4049811104734706 0.030153629178070847
11.490223077177038 0.0774743824200778 2.282597443933708 0.13703326517430756
11.355660009686686 0.17591455785407148 2.26035093949438 0.06416108918913839
11.378517568245336 0.2055645564586207 2.17875699018598 0.10746475582760415
11.41909516144282 0.11568859217586004 2.2532872381326183 0.06370785505783771
11.3752637452509 0.12589045628709314 2.063581000597204 0.1286742790886507
11.426675253266449 0.07976768279191282 1.5977124830038505 0.4153202864125701
11.571437200394135 0.04277701135467753 1.919465547670162 0.04167452810137433
11.25543728685698 0.3304942663230962 2.1078441521101112 0.14908134927039732
11.576108979970607 0.04995622112902451 2.2069468271951576 0.03864908708337021
11.484037973189556 0.124581761139141 2.306453804343679 0.03356678335329363
11.472208817212978 0.08769745118548081 2.1049013320515604 0.030562626028345283
11.253925405292522 0.14980892808694532 1.8147905738773513 0.07081395733145451
11.559570050964645 0.047708692763572626 2.380226923983159 0.02784589905396403
11.486753832860567 0.04973455201955873 2.394124322717907 0.028480865561757576
11.421927205718092 0.09011199769572506 2.2018697315525086 0.025977959762999072
11.189659563379319 0.3078483945895947 2.551887550101264 0.008032839693087117
11.337528188955606 0.16024019650423177 2.114204622432554 0.043311048004455295
11.409057388429988 0.09117110836805976 2.159598537697693 0.047286368458161095
11.399754641673267 0.07209170012047808 2.1444131513182025 0.12964843836560108
11.436118348440237 0.12036983235230998 2.3353020725500073 0.04624759063802318
11.553681891995002 0.04925611074397103 2.1665355872268246 0.052907172823011335
11.385405216994396 0.28165998304398493 2.0670291751722956 0.12498898914254941
11.404211985092209 0.19172182319144027 2.372266375728072 0.06280661983971365
11.330410158626087 0.14997515968900962 1.561225824118179 0.1921337155866293
11.44816346528142 0.05893429100035224 2.085702012015254 0.05022711816650917
11.574666386267138 0.05583361181940458 2.274572079243053 0.04693395529955942
11.386305558584363 0.07475089628068947 2.070716749335434 0.061235851798094286
11.376654918828219 0.0992518855752261 2.1735739447856552 0.03427382989792153
11.375945416628966 0.10589177347826936 1.920047164927204 0.2624272313504031
11.412156610183267 0.16853658615761288 2.085814567491181 0.13022114492387085
11.428285256428403 0.10078986388295588 2.282438084367751 0.04439329084159739
11.640295707411102 0.056608039979010816 2.463836883618716 0.017424161402780643
11.550804921321792 0.058859430071115056 2.287683725715317 0.031404867221273794
11.259353670713256 0.389518026525146 1.8531789275699295 0.1409665090416776
11.550179346647889 0.08343793444011419 2.3099758380820687 0.13345277874665284
11.476269067104033 0.07551113081229155 2.3553969296915906 0.05602642763044795
11.544274091260464 0.03891216270055514 2.2068782997645986 0.015525072566507267
11.539192744609451 0.052109643878021694 2.387528117499612 0.1441080282641187
11.464197785658529 0.0804890228597653 2.1361736760355847 0.14150700326203255
11.449257606605554 0.0790517087585792 2.2296954454771627 0.1531166513298275
11.424649990975706 0.12486582708474905 2.147165044571091 0.02895655479018252
11.46310610698925 0.16606578325593113 2.303853500775546 0.14048290550155765
11.351173189563685 0.2186818414142905 2.40475331767923 0.04768077539475035
11.453488393143125 0.10620349356099044 2.3113389040217207 0.021845600845869978
11.473163800647834 0.10262061438971062 2.170717438168929 0.028551495403898834
11.304004135710926 0.3163755428053922 2.107241056555705 0.06920025209342671
11.442230093948252 0.10273356111708958 1.9926186230610254 0.04977690068128512
11.37011050779288 0.10310215973932939 2.422860657657531 0.04477771106077905
11.357267018940783 0.11207984496584211 2.2112714267676763 0.14600124179083382
11.279681218542022 0.2865680676517744 1.8552309818298964 0.06530049013890875
11.274784572639378 0.3856493254633351 2.0072440862462906 0.04477028177347105
11.49438128100626 0.1004289946678071 2.3392427374145477 0.1046816714946332
11.609537438217126 0.05010253639527178 2.2854251555944978 0.1413944571853655
11.231720330338499 0.35465587181088565 2.04179612429186 0.06242935243221029
11.403281835373914 0.08977137183327404 2.101390141681514 0.030650772885957838
11.481172471084593 0.0727024639917708 2.20187741750302 0.05088380397107788
11.583221248870366 0.05953391779265729 2.2443737419362493 0.015347407339126899
11.36985887900485 0.19123846422456303 2.246606031997552 0.01774132010443683
11.561393008706535 0.09239240553220487 2.5099789149506266 0.02966575190475752
11.415103539251005 0.1816084022222676 2.1626916657295783 0.13871492729769938
11.394277046649014 0.1885380020683452 2.1428366329883466 0.07113158990699563
11.519668198503764 0.06643714183856445 2.277412909862464 0.02250700669534351
11.410822771220383 0.12148383043424668 2.18564692050594 0.04011683366177456
11.382059256925572 0.1408529759250444 2.018431524707955 0.050914455837010396
11.448521276709009 0.06900228783844159 2.1238337891377586 0.034006356694720866
11.308547395941691 0.21038669337841262 2.226060890276801 0.10575060981440344
11.503876765955194 0.06513508824731502 2.2115920548127552 0.031307900723170676
11.506122392772927 0.08268478163733 2.2152345433828464 0.13080808311335201
11.439349926544505 0.09243570106139076 2.417040766309588 0.13850853863553522
11.38274462186496 0.13032923378659494 2.350937441259821 0.1269002896335492
11.529257131000604 0.05724876935315165 2.259697190461861 0.03349164467638447
11.412002915754307 0.1307090666888192 2.4095216314658816 0.0394101339354852
11.162730489483367 0.33284455516879247 1.8874040607646438 0.14328359672583968
11.453167346048106 0.0845564597546266 2.0125449971730056 0.030333883138572694
11.51898560213086 0.05089034199223943 2.446045200230433 0.05649238201016866
11.498470037510241 0.08520873519800641 2.438887573743516 0.10083862960353945
11.389271836044008 0.083432430962396 1.9673034286492954 0.25784055991693267
11.463776934545779 0.08127992702406711 2.2792253653556944 0.059041932425547575
11.404555982821558 0.07616601556282147 2.3102464581234146 0.036213735142655475
11.414913341699869 0.0787228775285718 2.1137435843589336 0.04108706370214335
11.522960311441606 0.06604605688673536 1.9276344290649645 0.041233920149423425
11.447631084903099 0.0961361833614969 1.9804076658044287 0.037277317456350566
11.7243915421515 0.04669370709036492 2.5308873533229215 0.10362713516074257
11.354043668239074 0.17246210101554868 2.13706468999646 0.05110553000030719
11.383802488496913 0.1079173199549191 2.2289887603171974 0.04884462166483811
11.393523246778111 0.10759726323163908 2.231317100557842 0.12610981844043853
11.635596803814945 0.05149771741785866 2.2611680218477344 0.11666796313245514
11.580982296012682 0.062242136766042025 2.365355305632441 0.018521593763798184
11.680131330929706 0.053940689010203616 2.2433981610108806 0.1303806262408299
11.483847128021274 0.07318496786209328 2.351137213931929 0.1019625573262474
11.46621090553569 0.07710009742782142 1.793406745765482 0.1441732829634077
11.466327231055601 0.085935396126774 2.2706742125721386 0.04345875455556527
11.553815200548229 0.0885442492624353 2.304965246148752 0.03445957394827879
11.599619734188764 0.07158003962172214 2.288127806073012 0.11071920302450428
11.453452310707242 0.06898258666887219 1.9816336184688406 0.0319489995623777
11.52083444286889 0.04555886484759992 2.314525502099777 0.15098092595934218
11.422412779833817 0.08573147722229169 2.002625559270662 0.03311200272323635
11.518447410923674 0.05560216463437388 2.42101406021209 0.13084232048306496
11.3057868790395 0.3160086393650878 2.2183041920553626 0.0320993308549259
11.586290283575488 0.061923765689841925 2.2382346027545936 0.045740337839266995
11.37564017976574 0.1315311697290455 2.2224365202728804 0.12461434344716969
11.472495248958612 0.05930757124953182 2.0097376840381975 0.1519397126342122
11.50124493725634 0.0924241056565583 2.247661021790084 0.1544881500173024
11.445776269655289 0.0764187324948467 2.2066533148991674 0.13894305705939294
11.370185567307411 0.10785213064885794 1.9677675512369488 0.13585176916078356
11.446317437653592 0.04613952270839344 2.424116178689007 0.09756967769886743
11.571747522712553 0.0339934028457526 2.139730972078897 0.13582926122366137
11.23108481396609 0.21184903239050012 2.0909869248015007 0.03959788390910863
11.160459146400104 0.38581781944830207 1.9209018924023062 0.06608342345854873
11.378288003637463 0.13184362554910026 2.150352938379732 0.11714334876290139
11.66669592373995 0.03566540789349333 2.2856840799648976 0.01798532064295178
11.582385347169824 0.04164271058681231 2.2245293429887 0.04185014900291274
11.52614159427784 0.047748200336433684 1.7001778904268592 0.27309198234065146
11.654283085562906 0.03624002472884524 2.3922264203006662 0.1323590440784829
11.627127534061385 0.048545206046696585 1.9833454447543615 0.03772651216645578
11.58556988550357 0.06990036567926011 2.4406934776619167 0.13351567608085266
11.279983862654463 0.1250074037552265 2.0024739002588516 0.06856718023599084
11.289816554993072 0.1996235809676414 2.05387957583738 0.03764722039055435
11.476188096089608 0.10970855586618312 2.1940932992827875 0.12146413237870078
11.491309246120412 0.06811856624059354 2.339592054423233 0.12839172229184737
11.527223202982663 0.05430629213026959 2.164157628667354 0.018949259915657313
11.44057729489848 0.12262660503171759 2.1946634152789852 0.11251806672984696
11.428237806705052 0.1206292763975384 2.1349577342000305 0.12662312388835767
11.17332456152523 0.7023740612470414 2.1296126153796786 0.14189060498788725
11.442670244604528 0.10802425730216508 2.2660116063139673 0.13456231273606306
11.560288955195043 0.04162354646922439 2.2967071518289446 0.03396185859934199
11.430434957911395 0.12623516611746052 2.336063743784891 0.013884079883880811
11.384544785023742 0.21620943363032027 2.0817377164195445 0.03756812012069212
11.42328074233269 0.06361498354398021 1.9207585444034767 0.1358910697444723
11.488689755202119 0.0925901264866568 2.373341376161473 0.1425118500604154
11.606357529386365 0.041823023003612805 2.345828954262425 0.04837241520484238
11.33558140313973 0.10124422720318668 2.177994713514719 0.0626895997831783
11.242465714394083 0.45660928259637873 1.847212936459356 0.15617359249232388
11.589625095026506 0.05991389217054854 2.471578629599752 0.11537709906120736
11.403246048571136 0.2429314723018974 2.144728887274128 0.17116722634242487
11.509910165610535 0.2407982823576539 2.137430986718262 0.13158655752781917
11.248911777330006 0.6147297391472324 2.30394785070114 0.13378023959246468
11.350119291813737 0.07656698643415955 2.2833614681822385 0.03357016341580793
11.39536569686908 0.1517063078420443 2.0845771547436223 0.11606400652016481
11.555979986459166 0.04653112647452977 2.1863547498272546 0.04073116183073691
11.38573467862361 0.16437366908063739 2.056715547978449 0.03557605231496693
11.188772324554451 0.46705529555944875 1.966732164433708 0.2633081860992399
11.505825211121238 0.11112760907750499 2.243055667531948 0.11224363292161561
11.390298920116004 0.22292695691122083 2.390440874450893 0.12557461190700253
11.414162928788219 0.10194727387426394 2.3656506606012897 0.1437898792478454
11.249532118584007 0.37465593976060463 2.141785239612018 0.15059665856544457
11.163629824466677 0.5817008952547758 2.06534492574906 0.12171367671346178
11.391323605189164 0.08760144996317741 2.2168944659871426 0.12320158237429396
11.234600015761535 0.2401989095454274 2.3063436925562106 0.02497920825607755
11.344208226321356 0.2631327749898542 2.1934665171195946 0.034380190587983354
11.35729068765634 0.21735975007422592 2.029780198484858 0.06376842018281949
11.476676205090405 0.17480049189447533 2.224873696583395 0.03864163789472813
11.505854384032348 0.048899904739235195 2.2299722789758327 0.045173358286764054
11.45846841219439 0.08307636615262183 1.8826892463969518 0.27597344750487657
11.461582186342985 0.07315935421445655 2.267879486855561 0.3662933857780476
11.37201613945923 0.1651525093479534 2.200051756123556 0.026955139932259356
11.409180076202492 0.23626452946713591 2.29211957419698 0.029278150386140726
11.475482979864957 0.10112139054718502 2.351033212241901 0.14263882767271388
11.466392609677648 0.18549180091867182 2.2907693407157486 0.13741443272942183
11.511892430894576 0.0696332894431641 2.223176593252445 0.10866586650231612
11.460303814024607 0.07404220102468789 2.321540286409168 0.020629639208422007
11.42141355457954 0.15422753736828784 2.2558158657943364 0.12072309570453016
11.508247938320498 0.042846983197682306 2.437127341542194 0.03955310560632542
11.398214076472993 0.11129424161601059 2.4384140085415256 0.026736400447483218
11.593337694332162 0.03846864523393635 2.3669118796219304 0.044637751388922633
11.336085162822895 0.12787185170835505 2.0509037027453854 0.34498010867164297
11.345083612723203 0.14882266155224871 2.18516287683428 0.0415674197077896
11.383138100843695 0.09369310512679727 2.2782769852154683 0.03288373991296085
11.326863494484806 0.11971065317022218 2.110353731040585 0.13465106050428965
11.33103091634561 0.1980973668166508 1.9805535237034686 0.02983101819860799
11.396114145762855 0.1375340963577684 2.0468105270933594 0.04226448324262868
11.431773349231193 0.1548117731825098 2.249892438013745 0.022955766887917544
11.366129264493258 0.1658259920572731 2.3068801727907653 0.0259073612440678
11.448820426460603 0.10546187212428701 2.2964084924361963 0.13590632926606544
11.452571200052446 0.1215007298364331 2.325418749876129 0.15920040703719587
11.392082761576104 0.11516721079160892 2.227470521562474 0.018627036484741007
11.413839619340344 0.12196482077668189 2.104416748540972 0.3270026700757619
11.350018352132006 0.1162736755639248 2.192347206293369 0.058270545464373415
11.415382237270084 0.17835230316246414 2.0614807284212744 0.028951317639301005
