11.058237247856532 0.795039771362642 1.8624191789967788 0.0716113775564828
10.979132743442715 1.1372322400249075 2.2239827403285037 0.03492786567125983
10.969056117186394 0.9784459759328628 2.1259384281762705 0.044005363105643056
10.861069689646285 1.570497594414182 2.348110187916075 0.041097387140540106
11.017823520211392 0.7527791562235744 2.1180218412614042 0.06876039526366313
10.997585791781713 1.0715088597989182 2.2034408200707163 0.03620646449231285
10.762775125878022 1.93577661103223 1.947493500319877 0.05359309722458218
10.973474781171157 1.0155847934529318 1.9195837667421767 0.04832202502519094
10.922076127124981 1.3859796731583287 2.3059029020265727 0.021142502461530644
10.91062676094638 1.7058722569374591 2.413561186667742 0.037488016103398386
11.108925964893382 0.9103890293251444 2.4116201375641984 0.0249516918045816
10.96822377754721 1.4274527433663626 2.4630827707066696 0.021681978756554292
10.737633795527023 2.164872181667369 2.2038649500557916 0.04179145850981199
10.919834449978962 1.1024765745911955 2.0628404584059097 0.0843773726319375
10.843905451081833 1.8467652848584941 2.315878310593201 0.029247551722228638
11.024655501910614 0.7760821574789651 2.234538991367114 0.04194307442112571
11.303471945685748 0.40575555511115136 2.3330670667899054 0.06857183535231073
11.104801385619643 0.686555018626775 1.9394945795484158 0.048013067210449116
10.96776548375824 0.7499731917394983 2.3765476446568528 0.26862994926874123
10.819223196178765 2.04461961566306 2.4914480898084657 0.04938861907072771
10.907945214809562 1.1235730207828278 2.0546452463039304 0.03691545657038009
10.772993048855968 1.7647789143705697 2.42454548885158 0.033646921335900096
11.008774143246765 0.9671299637383832 2.2240456337789687 0.058506734202403037
10.946186031309184 1.5388149640681614 2.284060159368683 0.033574145283787944
10.972396971282397 0.9538745237339011 1.9519872753917575 0.048337772623782325
10.962751570235374 1.1711274563565175 2.164489220391133 0.2630474509111615
11.045489527816294 0.9105869373532568 2.225102803693839 0.04785231467922053
10.952549234087575 1.003403585170353 1.863921116567774 0.059094856977222124
10.881261951058082 1.3357823760325371 2.085386879223177 0.04385979455654736
10.807644736526642 1.8199272635706676 2.443940046611035 0.03581762537859026
11.09607888088686 0.622065017086407 2.1586064599599593 0.04634659841135829
11.142106968083825 0.9948259190382803 2.339359416780527 0.021190079603809073
10.817738960911036 1.8780371028052485 2.331980964309927 0.03288599271060675
11.148308715257022 0.6317499439566588 2.2355443084663538 0.05817687709956708
11.08127391630066 0.8750157403688191 2.0548872655318187 0.039032068800296506
10.822075101794919 1.7457997990150436 2.3235828115065558 0.03184683351007845
10.791308297117242 1.3921693136203126 2.1494216323874085 0.053984574538103555
10.78407215576209 1.9896966702116434 2.304064832330516 0.03863407044639638
10.823207760372016 1.4191880971619049 1.85823260987114 0.2529270654003934
11.08056587425693 0.8333548876010215 2.2233856517250445 0.06814457033722418
10.834803231362521 1.417992864300939 2.3800446527645827 0.05546675941233712
10.840177970151126 1.9900025069742335 2.5300919535447766 0.05753190350366927
11.180846208760157 0.566698147519863 1.625772421540198 0.2908013752660853
10.800238496047411 1.7319751345383247 2.2673930363640813 0.021088860090692357
11.0072282052324 0.8096334713184116 2.244320920717914 0.03261047901281196
11.061074718616783 0.8690126650522018 2.1958618184561454 0.03671067785835259
10.883156997256645 1.3456021498640105 2.411664832706892 0.05320276250006826
10.773089505519993 1.6432590330392043 2.138507274058827 0.050879141981372555
11.308838606964112 0.49585449316788777 2.3381093885036277 0.10342669664072593
10.88249777531236 1.1387339720853855 2.017326689226038 0.04661594706292188
10.82746522060209 1.5913444278549969 2.12292058308819 0.03213400020928345
10.988894408110744 1.358759051866879 2.1894239415811567 0.07191482423896309
10.8799385320276 1.0992127731141288 2.0341562827431674 0.04066393417704194
11.013561043842008 1.2516190626378159 2.4500473862094103 0.035300408477319654
10.968777681416016 1.3008163156852073 2.02361819560396 0.029213032166642856
10.888909186426794 1.536737669393204 2.3452323034073093 0.055321477777281296
11.011072532518726 1.2285552147491048 2.291922219889551 0.021018073630586106
10.949667824337329 1.0093904619868472 2.252883230137355 0.03323108715525124
10.846519810510495 1.5766255947365153 2.1938098632673557 0.037830869685199026
10.827199062451102 1.902383731735612 2.3013103981232867 0.2346229271572114
10.838702353337696 1.5007326579344 2.2044975951993098 0.028627308402128536
10.981849442922401 0.8731522790507035 2.015076259760174 0.04021602893993115
10.93155185402451 1.3110532696001702 2.196830913923182 0.030986637801256225
10.91600685912417 0.9050621877847531 1.9076763697074666 0.08512368800638845
10.815006731883972 1.8981366226328618 1.944256850497148 0.27943133994690295
10.909177319117934 1.804114244122905 2.302475796719969 0.0372995012125356
11.068421511073288 1.343818561121937 2.5307307831213763 0.007777221726611143
10.908146382360233 1.5763348526505068 2.114058673582223 0.029783187337293477
10.830704035871733 1.3593499620649838 2.159839672338513 0.04759641174404449
10.750965729272767 1.8735994970385703 2.257762948890756 0.0380891154884663
10.897011831326306 1.880819688179672 2.3772536135368356 0.044290358005945274
10.917396460178193 1.4722661558516652 2.179057066946684 0.04671589119047751
11.007342941985328 0.9261328844230551 2.110822263556142 0.049380714775426104
11.072036059278496 0.8614657799234281 2.189576204555261 0.06378785294696095
10.897789703588018 1.3916568237736686 2.227568789567623 0.055607702335500005
10.871022097328611 1.3541843017376332 2.23597439636646 0.07206759741915607
10.766096884968468 1.9170988677233405 2.1609919971741087 0.2579263675547715
10.798738697540623 2.3768420815137072 2.0773340802404845 0.04549882700692443
11.144098587142395 0.5539601541817302 2.069724963569864 0.08141570846303921
10.857507061043545 2.0856690642889166 2.196132169233894 0.04413105058597409
11.052972437346812 1.071261357951756 2.3366503134814014 0.029819261376740843
10.861515336614824 1.693919028559453 2.273873837555106 0.026676881025192122
10.826868260720156 1.1268941699519361 1.9365000136805122 0.04779630289813322
10.796015966793384 2.3519216627791555 2.3899595983387276 0.018819713642753325
10.802224311931115 1.8876451289593352 2.3945045906068065 0.027472865748424783
10.865579766762776 1.4502271003590403 2.1720349575141813 0.027735854606390078
11.047373400790221 0.595521025301384 2.49878947278768 0.008977574990008291
10.927512283644951 1.0937470189008318 2.1045794034224987 0.038792163110783796
10.812907497275898 1.6375873563371393 2.2077704178343875 0.04099498813712559
10.704227014911632 2.0758202284582086 2.2527793652343693 0.03814808921311048
10.934561513475314 1.3252807117360106 2.290468589610114 0.04054526916364677
10.830604545893255 2.1079449346992343 2.1951667629720166 0.05490863861010942
11.213551036227978 0.6291511745902474 2.0720038271196133 0.03812850992250976
11.102686237813588 0.8187061758550097 2.3516937736702523 0.036453997265163525
10.888940972540079 1.1801672988883816 1.598296073453293 0.12481036030610249
10.77760355642958 1.8657521421533592 1.8631362212333729 0.055417282428987066
10.956993683448891 1.5760445605694753 2.2371945949709753 0.07071100673575745
10.756957164916988 1.7296753154307904 2.0681642173803656 0.059121829131045814
10.827164273796914 1.4547351906498913 2.292905157436577 0.03829847473331513
10.816848051116594 1.5221810500444197 1.4560054919826289 0.3277670639061603
11.033774082938246 1.0061531511367894 2.0683314885612507 0.08157337876659429
10.8807191033867 1.4519808893778958 2.2164381008620553 0.045223535846733026
11.019178598640877 1.5974381261111215 2.3413580762833415 0.04704724886769344
10.859498816189591 1.9804754374029936 2.2898001317264804 0.03671690294136264
11.217182397769726 0.4735167734139732 1.8197672158493603 0.10296738853789757
10.948550228502604 1.6315739757065963 2.2873723394153895 0.09923235368066922
10.809374115305381 1.931142307817817 2.3253453740250642 0.04043568424711556
10.720200946387054 2.707381125069731 2.2602764737799363 0.019021107070348445
10.790186166198584 2.287086738913752 2.3820468080265282 0.10526580320847903
10.815103997016392 1.858667566714263 2.1532909615202693 0.08863835057507274
10.788153972371129 1.9165510393987468 2.253435837799176 0.07094086345497853
10.924866035735562 1.3325742675664451 2.127912089088167 0.03266704336192151
11.085541109586208 0.9974695548843541 2.255280833102697 0.04965016632331171
11.068021365051083 0.8188908130567781 2.374825561468724 0.04140454105960442
10.903642831930423 1.4818631198795114 2.302155387797892 0.023213173911654155
10.914851846936752 1.5064672884514834 2.1921602108959024 0.038306137619712174
11.17415096983271 0.5779581815021073 2.132200953636219 0.04037629243054478
10.87611893765897 1.542272162474089 1.7768638593308077 0.06575209194846779
10.78450512980843 1.6348635677428685 2.4239464954572254 0.04839414108534068
10.802889732750847 1.5235413195560488 2.207762709771185 0.09204329250792413
11.106368585688514 0.6400607198822243 1.8852192369857954 0.06788272793015956
11.228288679384578 0.47829503295409104 2.0506354081325333 0.03930738631502038
10.93576760023469 1.4996174844035783 2.332663985820252 0.06550519464900686
10.898524970464356 2.04164858956418 2.2756951604319395 0.091526334076009
11.148032913912449 0.5223029139420342 1.9804987325263832 0.04743790769378026
10.773898773727867 1.7972294552652996 2.2121740534053984 0.030292480255419946
10.783779199252844 2.0898751826269244 2.3146743752137144 0.021259475200072396
10.892714354456716 1.9797323475978046 2.2768813447829017 0.03202095656193868
11.034081614477214 0.9208330237245574 2.3357998991763256 0.013021389466587166
10.993801139901846 1.5092851087895 2.530425764577362 0.027203619141499023
11.057684941591067 0.9681325504428872 2.175606850254006 0.038391133131915334
11.054920462816943 0.9261322372491547 2.099617011616174 0.05770655583855542
10.833551770517701 1.9922918894168127 2.263771196693131 0.0340598091643198
10.90000112341371 1.367079374573042 2.221592353343152 0.031112894528136006
10.922734180526136 1.2215805354186104 2.018431524707955 0.050914455837010396
10.740787892776634 2.131365958348553 2.21111816331564 0.02936533632407757
11.023953133725172 0.8069996762511308 2.1506998735405305 0.024880192208332545
10.81839848274592 1.9818006862413537 2.2133262854900417 0.03643871498556127
10.894422256404603 1.6773173119649105 2.2163564106975504 0.07856442241097829
10.828484599909965 1.7148034461837836 2.3758116624786236 0.0923971878616979
10.933336301390588 1.1537866154346161 2.418790463615993 0.06836706002913948
10.804837070094655 2.165663512696024 2.273306927944921 0.049175701139423135
10.926425057535267 1.293662794077234 2.4165346204249527 0.04687026268265193
11.0524231043982 0.5546476616536932 1.9906605601619702 0.04506821336916967
10.817316914430924 1.8076350676875763 1.9772613792840108 0.03722869375228734
10.755584769903486 2.3723194668326193 2.4135711063064123 0.04613028212909521
10.955524650447998 1.3731622349214125 2.4383403005925204 0.01196354302616011
10.732699087900935 1.9125696057014312 1.8598647974361446 0.2578059841846344
10.822414627307142 1.8215256050311515 2.271072032491489 0.040225337423636716
10.762704306846226 1.800395946320675 2.2867046742290054 0.022360001494351692
10.788139972927283 1.7348589153629774 2.1137435843589336 0.04108706370214335
10.851752801394277 1.9072705609558747 1.8307002832908335 0.05005872688131754
10.859542919001386 1.61915845648991 1.9218961570011144 0.03916344194269184
11.116107357543632 1.459444275120255 2.5263373783813683 0.05905650832207488
10.98038425246227 0.9999008842587511 2.1054847670693655 0.04315845959689258
10.831563912450449 1.4987731662076287 2.2381715524333368 0.032469912943408924
10.842229736517309 1.4933853471308507 2.281585463311368 0.03247891023650795
10.944699275088151 1.934639111668731 2.2684888368976996 0.037953267322613636
10.924671843822232 1.8073024030855507 2.282614182230465 0.02626475555654042
11.043278214763246 1.6603429841984232 2.243367380820746 0.08641609432715226
10.901419379542824 1.4970925249889373 2.356437123134464 0.059316010358219845
10.817935134459026 1.8384678241374348 2.009647087991263 0.04648526103559616
10.854435380759115 1.6923034008526525 2.2550440664557367 0.03753918843813227
10.978559247145666 1.5289158387525854 2.29317907173645 0.036389621274521326
11.008176502753455 1.531409308053329 2.2824021396960568 0.028224887630436794
10.778298469092851 1.9441113010970643 1.9661556763729076 0.04053199994853342
10.746379709162943 2.4090427756504713 2.3127963817494215 0.10909953498799614
10.814210801584107 1.6732806880302373 1.9942226587877505 0.029473268301761158
10.771198207475301 2.2978506710483364 2.4276747460292483 0.07549422489497058
11.181665452892783 0.564190792437388 2.2616882121536497 0.02848551539041865
10.978944723515612 1.5596174444389321 2.2186980666077516 0.03493449617562722
10.889893582417518 1.2968850559744636 2.1905794306082287 0.039499424293850637
10.811818122774284 1.8146882388274397 1.916184451763705 0.10587085276418068
10.919763662736058 1.5732102158016097 2.1664849297746094 0.09880448564666303
10.845098692516409 1.5965454219233937 2.185922974870447 0.09382134910313276
10.805901942448253 1.5531164956760957 1.9090149838595585 0.09735366296219881
10.706577951817085 2.188893754047708 2.4217222778678074 0.03032008145880311
10.747626308795128 2.663371808581046 2.209545086785821 0.08074806371187847
10.933813806204185 0.8467529082787085 2.013504445995889 0.03202415458596255
11.113996377077383 0.4784129970551779 2.077711534645228 0.050251070466731156
10.89477396488326 1.2889455300287551 2.175008835919036 0.08206706279980637
10.915579750629279 2.1718981497607985 2.2776159030751413 0.02934513095950722
10.8012944377694 2.4245578926056854 2.230111655823533 0.04371816621712543
10.766008744118048 2.329855133339803 1.7850075224715758 0.26520037788535766
10.952093045404647 1.8514912147318445 2.3793548159895233 0.09023086096852817
10.969930331047099 1.7308666198710412 1.9350205481048481 0.04983385139907976
10.950439197645608 1.7360679176363483 2.4187135801695323 0.0900754251827094
10.792036783285933 1.2853073355684486 1.968401732422036 0.05257743381105262
10.965820123563182 0.9022813424644268 2.0588469315637266 0.03432093168442157
10.94919253788903 1.395202901457593 2.220381526361964 0.03340072243659281
10.812509082857751 1.9599519856272634 2.2565245860272083 0.05058957333453708
10.80300984690694 2.1467125485064633 2.1032839202864917 0.027628301574857676
10.947025280752763 1.3001739434663462 2.2219637394793113 0.025757538911348677
10.924720737823067 1.3341273370506115 2.0990007808480695 0.09058967052398512
11.383699515707479 0.2659952117670412 2.1460272856652702 0.0491221416189594
10.902247724494142 1.4469964955560977 2.269005577170066 0.03842590518590848
10.790569883496085 2.348168077419857 2.278449405332435 0.027459835216488777
10.943796839476384 1.283951506929611 2.312495146876923 0.019566466594580775
11.10299864979068 0.8095096554181586 2.1197395974444797 0.04167647457999459
10.691189319177328 2.249891487181464 1.9622509213802901 0.04750155820066697
10.907217450535946 1.573831645551859 2.42994321167854 0.0904678838898049
10.860713288383753 2.1939269105357786 2.359074736802797 0.04664656397823787
10.778476362825916 1.4959112052993635 2.062410902055529 0.04503545189724465
11.268214023914908 0.4053296912324329 1.8700126339021124 0.06106633997406077
10.926015373863414 1.8336526364253571 2.473969769473201 0.023376650988926613
11.17025624870517 0.7236506188417403 2.0768735571885726 0.07773453615167039
11.284217997194174 0.7007116807999836 2.205432292754585 0.08467294929941833
11.404462374326945 0.2989523524622304 2.291999203063127 0.0603191406480886
10.735790824122997 1.663182597578721 2.455552574691147 0.03016183700263761
10.9859648106947 1.0694031313749894 2.1464381473753424 0.03715876519021095
10.836176715040867 2.0698696483054366 2.2410439842168817 0.045054608138504405
11.007890379040312 0.9942970406388532 2.0722732367293686 0.03738412783216487
11.224837134338648 0.3952353863977202 2.0176027539448977 0.2579566623616673
10.990633037767203 1.3506044062491864 2.2654730579099813 0.02288205711063751
11.12097153867729 0.7875001382893683 2.37360921990956 0.08756791128793344
10.853257525792756 1.5156374151786982 2.346847995299403 0.10210508552386337
11.189654409470837 0.4942312483846228 2.1234738311774297 0.10326183058978007
11.294406998059172 0.31754829215689373 2.054698591039553 0.03755073252623174
10.758084357744385 1.8076452242195462 2.1435587329540544 0.04858922126054822
10.994950183580405 0.73680564734305 2.3369025466337323 0.037866548141134486
11.13861326847878 0.6853245863455536 2.179044726168917 0.023997170217432924
11.080294773712836 0.798711351939229 2.029780198484858 0.06376842018281949
11.125766563872286 0.9317768153754822 2.2233080740715176 0.03467934453027507
10.817217617317924 1.9051434257372732 2.2441343171381076 0.05880107628341113
10.865549564077682 1.588515066933838 2.543438515602898 0.23931835940167856
10.78719072422529 1.9609666771702483 2.1599221903120953 0.28911750008078285
10.974528411597099 1.062570486767791 1.9171226763846594 0.03446453890420117
11.166973780287591 0.7368269482700541 2.343448188625912 0.01481234958334484
10.938064430715345 1.4092108549009148 2.324781053750678 0.04653646766990295
11.136240694287881 0.8909462906017118 2.294738746404811 0.04112356298432239
10.876066034378834 1.7383204692360685 2.229929634248909 0.019030768987515028
10.832564352778542 1.7182690206103206 2.195331399831357 0.034148640967791355
11.021975896627623 1.0415779816751245 2.2550566087804618 0.08516669681802659
10.761827179678866 2.206782997168457 2.4133273338631316 0.017193787923791913
10.874531485855487 1.3866702409731937 2.4444540351029502 0.012206796651603746
10.875278626684127 1.992632290238324 2.4244704074142764 0.05602943621275884
10.830176366851244 1.367502526532793 1.9691563105096517 0.2652489270365717
10.907217443007681 1.1636167391672962 2.190246112430347 0.06941290329974749
10.76418951491254 1.7607220555841137 2.2383509546817395 0.030219815975104855
10.80243741168066 1.4185761127553336 2.066964932213848 0.061641351940164894
11.027011176875682 0.8389695990177903 1.9755428305024374 0.03041562390554195
10.953659435324269 1.148894977504791 2.1891404624559168 0.0342364206920335
11.033124221362922 1.0403774693172225 2.2610153565547995 0.02104530363565006
10.984413717574471 1.0106827892463441 2.2535822621702297 0.03447484556080696
10.88992672410982 1.5196646106539877 2.282414292785814 0.04015559614775162
10.947901768585071 1.3416921830575808 2.28634461014181 0.11493838680600317
10.907178941495255 1.2421786207151055 2.196097171641959 0.01834774388145911
10.90692400016142 1.3524602045627447 1.9956943054673428 0.26155941758361734
10.845512476922904 1.3239006230091057 2.1408879429529346 0.029046968280112936
11.055125579106104 0.9698285822624763 2.1187521608517024 0.032771464821645606
