11.329406593802275 0.22417415515532554 1.8624191789967788 0.0716113775564828
11.41086687164656 0.1473899896342196 2.2239827403285037 0.03492786567125983
11.330668726783985 0.18017349381650336 2.1259384281762705 0.044005363105643056
11.436654406142802 0.09870277592891237 2.348110187916075 0.041097387140540106
11.262164778606556 0.24204001145360052 2.1180218412614042 0.06876039526366313
11.404203965637842 0.15624359215422734 2.2034408200707163 0.03620646449231285
11.429470135366367 0.0766880094470308 1.947493500319877 0.05359309722458218
11.35200271023695 0.17224611092563072 1.9195837667421767 0.04832202502519094
11.444063143728746 0.11317807338236471 2.3059029020265727 0.021142502461530644
11.533979463119135 0.07612737875417154 2.413561186667742 0.037488016103398386
11.4462493396712 0.18426487926691734 2.4116201375641984 0.0249516918045816
11.511948801590169 0.0986735813326117 2.4630827707066696 0.021681978756554292
11.456378316019624 0.06307453428175365 2.2038649500557916 0.04179145850981199
11.333387864911561 0.15878761516135484 2.0628404584059097 0.0843773726319375
11.496787655860533 0.0737200072761672 2.315878310593201 0.029247551722228638
11.283026047649274 0.23340012886927064 2.234538991367114 0.04194307442112571
11.279155085286439 0.4541282041310328 2.3330670667899054 0.06857183535231073
11.311609949616193 0.26195219804852776 1.9394945795484158 0.048013067210449116
11.211158990272027 0.24191673861885438 2.3765476446568528 0.26862994926874123
11.530086662434318 0.05070225642871473 2.4914480898084657 0.04938861907072771
11.336277150623568 0.14689347722430757 2.0546452463039304 0.03691545657038009
11.406295968577039 0.07800096350522996 2.42454548885158 0.033646921335900096
11.369331230521695 0.176765075487276 2.2240456337789687 0.058506734202403037
11.546226608059873 0.06465971344585479 2.284060159368683 0.033574145283787944
11.328118036060003 0.17777210536017074 1.9519872753917575 0.048337772623782325
11.418644411490476 0.12804618003442553 2.164489220391133 0.2630474509111615
11.384841700077931 0.18149572516100057 2.225102803693839 0.04785231467922053
11.324588061433868 0.17619449423052072 1.863921116567774 0.059094856977222124
11.39475501586453 0.1088292182126684 2.085386879223177 0.04385979455654736
11.457287477633193 0.07171236220499752 2.443940046611035 0.03581762537859026
11.262780861474193 0.28537461289842275 2.1586064599599593 0.04634659841135829
11.527115070701857 0.15493210711295094 2.339359416780527 0.021190079603809073
11.498353759474297 0.0516329385774964 2.331980964309927 0.03288599271060675
11.318380037012941 0.28635331064046443 2.2355443084663538 0.05817687709956708
11.412185975629834 0.17710239808988745 2.0548872655318187 0.039032068800296506
11.45268511273481 0.07685881845997314 2.3235828115065558 0.03184683351007845
11.308329962176021 0.12121355853145052 2.1494216323874085 0.053984574538103555
11.475293452499992 0.06059538954922964 2.304064832330516 0.03863407044639638
11.351624316362145 0.11489004533811042 1.85823260987114 0.2529270654003934
11.375071101911077 0.20919565405115775 2.2233856517250445 0.06814457033722418
11.371075679808829 0.10493298062698314 2.3800446527645827 0.05546675941233712
11.53394190166554 0.058074862548285214 2.5300919535447766 0.05753190350366927
11.305382166414484 0.3171727079379212 1.625772421540198 0.2908013752660853
11.433708500331754 0.07080556649965512 2.2673930363640813 0.021088860090692357
11.288635193185964 0.2164815170166879 2.244320920717914 0.03261047901281196
11.379843455120467 0.19140787734802003 2.1958618184561454 0.03671067785835259
11.39469204082883 0.11412860170252824 2.411664832706892 0.05320276250006826
11.370147459165485 0.09148754997255204 2.138507274058827 0.050879141981372555
11.376004554016907 0.3625888734960898 2.3381093885036277 0.10342669664072593
11.320181427547302 0.14011650312768956 2.017326689226038 0.04661594706292188
11.417086981923658 0.08748560799948252 2.12292058308819 0.03213400020928345
11.51479374520331 0.10064902461090315 2.1894239415811567 0.07191482423896309
11.29480894331943 0.15575969056466443 2.0341562827431674 0.04066393417704194
11.503456093185179 0.11203389634933204 2.4500473862094103 0.035300408477319654
11.468170850941561 0.11554953969462016 2.02361819560396 0.029213032166642856
11.469535703702313 0.0844053173104244 2.3452323034073093 0.055321477777281296
11.497035157705678 0.1096542643823071 2.291922219889551 0.021018073630586106
11.330409519198787 0.16662989972418696 2.252883230137355 0.03323108715525124
11.433803880038006 0.08658016050665941 2.1938098632673557 0.037830869685199026
11.48829413749147 0.07610886756218702 2.3013103981232867 0.2346229271572114
11.400387260592625 0.0970783803361926 2.2044975951993098 0.028627308402128536
11.294271551729233 0.2025660232426814 2.015076259760174 0.04021602893993115
11.436139666567485 0.1122882076038238 2.196830913923182 0.030986637801256225
11.245775155547419 0.19258001028869362 1.9076763697074666 0.08512368800638845
11.478596239267283 0.07246195671559974 1.944256850497148 0.27943133994690295
11.561340617808234 0.0658505603171541 2.302475796719969 0.0372995012125356
11.627163803225859 0.06310116591163682 2.5307307831213763 0.007777221726611143
11.521265923683137 0.05983150481956147 2.114058673582223 0.029783187337293477
11.351286296591946 0.10714393237647164 2.159839672338513 0.04759641174404449
11.407211111582171 0.0755653989169554 2.257762948890756 0.0380891154884663
11.573170450089622 0.05619231744749286 2.3772536135368356 0.044290358005945274
11.490223077177038 0.0774743824200778 2.179057066946684 0.04671589119047751
11.355660009686686 0.17591455785407148 2.110822263556142 0.049380714775426104
11.378517568245336 0.2055645564586207 2.189576204555261 0.06378785294696095
11.41909516144282 0.11568859217586004 2.227568789567623 0.055607702335500005
11.3752637452509 0.12589045628709314 2.23597439636646 0.07206759741915607
11.426675253266449 0.07976768279191282 2.1609919971741087 0.2579263675547715
11.571437200394135 0.04277701135467753 2.0773340802404845 0.04549882700692443
11.25543728685698 0.3304942663230962 2.069724963569864 0.08141570846303921
11.576108979970607 0.04995622112902451 2.196132169233894 0.04413105058597409
11.484037973189556 0.124581761139141 2.3366503134814014 0.029819261376740843
11.472208817212978 0.08769745118548081 2.273873837555106 0.026676881025192122
11.253925405292522 0.14980892808694532 1.9365000136805122 0.04779630289813322
11.559570050964645 0.047708692763572626 2.3899595983387276 0.018819713642753325
11.486753832860567 0.04973455201955873 2.3945045906068065 0.027472865748424783
11.421927205718092 0.09011199769572506 2.1720349575141813 0.027735854606390078
11.189659563379319 0.3078483945895947 2.49878947278768 0.008977574990008291
11.337528188955606 0.16024019650423177 2.1045794034224987 0.038792163110783796
11.409057388429988 0.09117110836805976 2.2077704178343875 0.04099498813712559
11.399754641673267 0.07209170012047808 2.2527793652343693 0.03814808921311048
11.436118348440237 0.12036983235230998 2.290468589610114 0.04054526916364677
11.553681891995002 0.04925611074397103 2.1951667629720166 0.05490863861010942
11.385405216994396 0.28165998304398493 2.0720038271196133 0.03812850992250976
11.404211985092209 0.19172182319144027 2.3516937736702523 0.036453997265163525
11.330410158626087 0.14997515968900962 1.598296073453293 0.12481036030610249
11.44816346528142 0.05893429100035224 1.8631362212333729 0.055417282428987066
11.574666386267138 0.05583361181940458 2.2371945949709753 0.07071100673575745
11.386305558584363 0.07475089628068947 2.0681642173803656 0.059121829131045814
11.376654918828219 0.0992518855752261 2.292905157436577 0.03829847473331513
11.375945416628966 0.10589177347826936 1.4560054919826289 0.3277670639061603
11.412156610183267 0.16853658615761288 2.0683314885612507 0.08157337876659429
11.428285256428403 0.10078986388295588 2.2164381008620553 0.045223535846733026
11.640295707411102 0.056608039979010816 2.3413580762833415 0.04704724886769344
11.550804921321792 0.058859430071115056 2.2898001317264804 0.03671690294136264
11.259353670713256 0.389518026525146 1.8197672158493603 0.10296738853789757
11.550179346647889 0.08343793444011419 2.2873723394153895 0.09923235368066922
11.476269067104033 0.07551113081229155 2.3253453740250642 0.04043568424711556
11.544274091260464 0.03891216270055514 2.2602764737799363 0.019021107070348445
11.539192744609451 0.052109643878021694 2.3820468080265282 0.10526580320847903
11.464197785658529 0.0804890228597653 2.1532909615202693 0.08863835057507274
11.449257606605554 0.0790517087585792 2.253435837799176 0.07094086345497853
11.424649990975706 0.12486582708474905 2.127912089088167 0.03266704336192151
11.46310610698925 0.16606578325593113 2.255280833102697 0.04965016632331171
11.351173189563685 0.2186818414142905 2.374825561468724 0.04140454105960442
11.453488393143125 0.10620349356099044 2.302155387797892 0.023213173911654155
11.473163800647834 0.10262061438971062 2.1921602108959024 0.038306137619712174
11.304004135710926 0.3163755428053922 2.132200953636219 0.04037629243054478
11.442230093948252 0.10273356111708958 1.7768638593308077 0.06575209194846779
11.37011050779288 0.10310215973932939 2.4239464954572254 0.04839414108534068
11.357267018940783 0.11207984496584211 2.207762709771185 0.09204329250792413
11.279681218542022 0.2865680676517744 1.8852192369857954 0.06788272793015956
11.274784572639378 0.3856493254633351 2.0506354081325333 0.03930738631502038
11.49438128100626 0.1004289946678071 2.332663985820252 0.06550519464900686
11.609537438217126 0.05010253639527178 2.2756951604319395 0.091526334076009
11.231720330338499 0.35465587181088565 1.9804987325263832 0.04743790769378026
11.403281835373914 0.08977137183327404 2.2121740534053984 0.030292480255419946
11.481172471084593 0.0727024639917708 2.3146743752137144 0.021259475200072396
11.583221248870366 0.05953391779265729 2.2768813447829017 0.03202095656193868
11.36985887900485 0.19123846422456303 2.3357998991763256 0.013021389466587166
11.561393008706535 0.09239240553220487 2.530425764577362 0.027203619141499023
11.415103539251005 0.1816084022222676 2.175606850254006 0.038391133131915334
11.394277046649014 0.1885380020683452 2.099617011616174 0.05770655583855542
11.519668198503764 0.06643714183856445 2.263771196693131 0.0340598091643198
11.410822771220383 0.12148383043424668 2.221592353343152 0.031112894528136006
11.382059256925572 0.1408529759250444 2.018431524707955 0.050914455837010396
11.448521276709009 0.06900228783844159 2.21111816331564 0.02936533632407757
11.308547395941691 0.21038669337841262 2.1506998735405305 0.024880192208332545
11.503876765955194 0.06513508824731502 2.2133262854900417 0.03643871498556127
11.506122392772927 0.08268478163733 2.2163564106975504 0.07856442241097829
11.439349926544505 0.09243570106139076 2.3758116624786236 0.0923971878616979
11.38274462186496 0.13032923378659494 2.418790463615993 0.06836706002913948
11.529257131000604 0.05724876935315165 2.273306927944921 0.049175701139423135
11.412002915754307 0.1307090666888192 2.4165346204249527 0.04687026268265193
11.162730489483367 0.33284455516879247 1.9906605601619702 0.04506821336916967
11.453167346048106 0.0845564597546266 1.9772613792840108 0.03722869375228734
11.51898560213086 0.05089034199223943 2.4135711063064123 0.04613028212909521
11.498470037510241 0.08520873519800641 2.4383403005925204 0.01196354302616011
11.389271836044008 0.083432430962396 1.8598647974361446 0.2578059841846344
11.463776934545779 0.08127992702406711 2.271072032491489 0.040225337423636716
11.404555982821558 0.07616601556282147 2.2867046742290054 0.022360001494351692
11.414913341699869 0.0787228775285718 2.1137435843589336 0.04108706370214335
11.522960311441606 0.06604605688673536 1.8307002832908335 0.05005872688131754
11.447631084903099 0.0961361833614969 1.9218961570011144 0.03916344194269184
11.7243915421515 0.04669370709036492 2.5263373783813683 0.05905650832207488
11.354043668239074 0.17246210101554868 2.1054847670693655 0.04315845959689258
11.383802488496913 0.1079173199549191 2.2381715524333368 0.032469912943408924
11.393523246778111 0.10759726323163908 2.281585463311368 0.03247891023650795
11.635596803814945 0.05149771741785866 2.2684888368976996 0.037953267322613636
11.580982296012682 0.062242136766042025 2.282614182230465 0.02626475555654042
11.680131330929706 0.053940689010203616 2.243367380820746 0.08641609432715226
11.483847128021274 0.07318496786209328 2.356437123134464 0.059316010358219845
11.46621090553569 0.07710009742782142 2.009647087991263 0.04648526103559616
11.466327231055601 0.085935396126774 2.2550440664557367 0.03753918843813227
11.553815200548229 0.0885442492624353 2.29317907173645 0.036389621274521326
11.599619734188764 0.07158003962172214 2.2824021396960568 0.028224887630436794
11.453452310707242 0.06898258666887219 1.9661556763729076 0.04053199994853342
11.52083444286889 0.04555886484759992 2.3127963817494215 0.10909953498799614
11.422412779833817 0.08573147722229169 1.9942226587877505 0.029473268301761158
11.518447410923674 0.05560216463437388 2.4276747460292483 0.07549422489497058
11.3057868790395 0.3160086393650878 2.2616882121536497 0.02848551539041865
11.586290283575488 0.061923765689841925 2.2186980666077516 0.03493449617562722
11.37564017976574 0.1315311697290455 2.1905794306082287 0.039499424293850637
11.472495248958612 0.05930757124953182 1.916184451763705 0.10587085276418068
11.50124493725634 0.0924241056565583 2.1664849297746094 0.09880448564666303
11.445776269655289 0.0764187324948467 2.185922974870447 0.09382134910313276
11.370185567307411 0.10785213064885794 1.9090149838595585 0.09735366296219881
11.446317437653592 0.04613952270839344 2.4217222778678074 0.03032008145880311
11.571747522712553 0.0339934028457526 2.209545086785821 0.08074806371187847
11.23108481396609 0.21184903239050012 2.013504445995889 0.03202415458596255
11.160459146400104 0.38581781944830207 2.077711534645228 0.050251070466731156
11.378288003637463 0.13184362554910026 2.175008835919036 0.08206706279980637
11.66669592373995 0.03566540789349333 2.2776159030751413 0.02934513095950722
11.582385347169824 0.04164271058681231 2.230111655823533 0.04371816621712543
11.52614159427784 0.047748200336433684 1.7850075224715758 0.26520037788535766
11.654283085562906 0.03624002472884524 2.3793548159895233 0.09023086096852817
11.627127534061385 0.048545206046696585 1.9350205481048481 0.04983385139907976
11.58556988550357 0.06990036567926011 2.4187135801695323 0.0900754251827094
11.279983862654463 0.1250074037552265 1.968401732422036 0.05257743381105262
11.289816554993072 0.1996235809676414 2.0588469315637266 0.03432093168442157
11.476188096089608 0.10970855586618312 2.220381526361964 0.03340072243659281
11.491309246120412 0.06811856624059354 2.2565245860272083 0.05058957333453708
11.527223202982663 0.05430629213026959 2.1032839202864917 0.027628301574857676
11.44057729489848 0.12262660503171759 2.2219637394793113 0.025757538911348677
11.428237806705052 0.1206292763975384 2.0990007808480695 0.09058967052398512
11.17332456152523 0.7023740612470414 2.1460272856652702 0.0491221416189594
11.442670244604528 0.10802425730216508 2.269005577170066 0.03842590518590848
11.560288955195043 0.04162354646922439 2.278449405332435 0.027459835216488777
11.430434957911395 0.12623516611746052 2.312495146876923 0.019566466594580775
11.384544785023742 0.21620943363032027 2.1197395974444797 0.04167647457999459
11.42328074233269 0.06361498354398021 1.9622509213802901 0.04750155820066697
11.488689755202119 0.0925901264866568 2.42994321167854 0.0904678838898049
11.606357529386365 0.041823023003612805 2.359074736802797 0.04664656397823787
11.33558140313973 0.10124422720318668 2.062410902055529 0.04503545189724465
11.242465714394083 0.45660928259637873 1.8700126339021124 0.06106633997406077
11.589625095026506 0.05991389217054854 2.473969769473201 0.023376650988926613
11.403246048571136 0.2429314723018974 2.0768735571885726 0.07773453615167039
11.509910165610535 0.2407982823576539 2.205432292754585 0.08467294929941833
11.248911777330006 0.6147297391472324 2.291999203063127 0.0603191406480886
11.350119291813737 0.07656698643415955 2.455552574691147 0.03016183700263761
11.39536569686908 0.1517063078420443 2.1464381473753424 0.03715876519021095
11.555979986459166 0.04653112647452977 2.2410439842168817 0.045054608138504405
11.38573467862361 0.16437366908063739 2.0722732367293686 0.03738412783216487
11.188772324554451 0.46705529555944875 2.0176027539448977 0.2579566623616673
11.505825211121238 0.11112760907750499 2.2654730579099813 0.02288205711063751
11.390298920116004 0.22292695691122083 2.37360921990956 0.08756791128793344
11.414162928788219 0.10194727387426394 2.346847995299403 0.10210508552386337
11.249532118584007 0.37465593976060463 2.1234738311774297 0.10326183058978007
11.163629824466677 0.5817008952547758 2.054698591039553 0.03755073252623174
11.391323605189164 0.08760144996317741 2.1435587329540544 0.04858922126054822
11.234600015761535 0.2401989095454274 2.3369025466337323 0.037866548141134486
11.344208226321356 0.2631327749898542 2.179044726168917 0.023997170217432924
11.35729068765634 0.21735975007422592 2.029780198484858 0.06376842018281949
11.476676205090405 0.17480049189447533 2.2233080740715176 0.03467934453027507
11.505854384032348 0.048899904739235195 2.2441343171381076 0.05880107628341113
11.45846841219439 0.08307636615262183 2.543438515602898 0.23931835940167856
11.461582186342985 0.07315935421445655 2.1599221903120953 0.28911750008078285
11.37201613945923 0.1651525093479534 1.9171226763846594 0.03446453890420117
11.409180076202492 0.23626452946713591 2.343448188625912 0.01481234958334484
11.475482979864957 0.10112139054718502 2.324781053750678 0.04653646766990295
11.466392609677648 0.18549180091867182 2.294738746404811 0.04112356298432239
11.511892430894576 0.0696332894431641 2.229929634248909 0.019030768987515028
11.460303814024607 0.07404220102468789 2.195331399831357 0.034148640967791355
11.42141355457954 0.15422753736828784 2.2550566087804618 0.08516669681802659
11.508247938320498 0.042846983197682306 2.4133273338631316 0.017193787923791913
11.398214076472993 0.11129424161601059 2.4444540351029502 0.012206796651603746
11.593337694332162 0.03846864523393635 2.4244704074142764 0.05602943621275884
11.336085162822895 0.12787185170835505 1.9691563105096517 0.2652489270365717
11.345083612723203 0.14882266155224871 2.190246112430347 0.06941290329974749
11.383138100843695 0.09369310512679727 2.2383509546817395 0.030219815975104855
11.326863494484806 0.11971065317022218 2.066964932213848 0.061641351940164894
11.33103091634561 0.1980973668166508 1.9755428305024374 0.03041562390554195
11.396114145762855 0.1375340963577684 2.1891404624559168 0.0342364206920335
11.431773349231193 0.1548117731825098 2.2610153565547995 0.02104530363565006
11.366129264493258 0.1658259920572731 2.2535822621702297 0.03447484556080696
11.448820426460603 0.10546187212428701 2.282414292785814 0.04015559614775162
11.452571200052446 0.1215007298364331 2.28634461014181 0.11493838680600317
11.392082761576104 0.11516721079160892 2.196097171641959 0.01834774388145911
11.413839619340344 0.12196482077668189 1.9956943054673428 0.26155941758361734
11.350018352132006 0.1162736755639248 2.1408879429529346 0.029046968280112936
11.415382237270084 0.17835230316246414 2.1187521608517024 0.032771464821645606
