8.43 0.27 2.0546130545568877 0.07965895258895624
7.74 0.06 1.9014583213961123 0.09154513545764906
8.68 0.05 2.100370545117563 0.05687189643971154
8.56 0.26 2.1078880251827985 0.02777858620598022
8.59 0.06 2.059184617631371 0.018948275824749207
9.32 0.26 2.144262773761991 0.031777645017311104
8.81 0.06 1.9894498176666917 0.029368274390998587
9.10 0.26 2.1760912590556813 0.02924249511481895
10.48 0.24 2.602494068807281 0.010629585221408262
9.55 0.27 2.3825573219087857 0.017458170221556327
8.33 0.10 2.150756439860309 0.0788789271018627
11.27 0.16 2.8402315949581087 0.005207518347005186
9.08 0.18 2.173186268412274 0.06383254465557861
9.93 0.11 2.439963935920905 0.09382905473218403
9.72 0.10 2.5058280338548364 0.09295663481610943
9.87 0.19 2.495821753385906 0.022463507684650955
9.41 0.10 2.225309281725863 0.13752658593602976
9.90 0.10 2.424718337331567 0.043935771204202605
9.52 0.22 2.3126004392612596 0.038904666343816126
9.23 0.19 2.238798562713917 0.0664097159286565
9.28 0.06 2.1322596895310446 0.026582921827411433
11.03 0.13 2.7466341989375787 0.0023349165693723217
9.45 0.09 2.394626764272209 0.014178900860202898
9.64 0.08 2.318689269947746 0.015428608574575436
9.63 0.27 2.359835482339888 0.00948241226862995
9.78 0.08 2.359645792674543 0.011573596940191505
10.86 0.22 2.623042434246382 0.037139523345228055
9.43 0.08 2.394626764272209 0.0850734051612174
11.27 0.13 2.7038929536325447 0.0029199154409156733
10.88 0.11 2.681241237375587 0.003619120682527098
10.05 0.26 2.39776625612645 0.01911660384528119
10.68 0.23 2.5790973265526436 0.013049438834204194
9.97 0.08 2.4583356259919475 0.019046677591301676
10.62 0.11 2.6501131644435714 0.008262092874166608
11.03 0.13 2.80126647048962 0.01907930878146397
10.65 0.28 2.632558514532672 0.011335581909383406
9.00 0.06 2.269045709657623 0.027815416225235177
11.30 0.12 2.82885315967664 0.036389794197736504
9.28 0.11 2.2513948500401044 0.04527958163341078
11.03 0.15 2.6800634274819486 0.010161057441647003
8.86 0.06 2.157456768134226 0.02055116546236682
10.53 0.11 2.5259513412480126 0.009443996776567584
10.68 0.28 2.6852937813867843 0.011115070331476413
10.64 0.15 2.5659658174466666 0.013450032854379436
8.41 0.06 2.0354297381845483 0.030020355891929848
10.22 0.14 2.4470028984661623 0.013654131621109738
10.58 0.16 2.568201724066995 0.008451135864063278
10.57 0.15 2.6163704722912695 0.014182330686245524
10.13 0.15 2.4778444763387584 0.009105009104793631
10.37 0.15 2.541454428747589 0.012982646196590454
10.87 0.16 2.6834973176798114 0.006030617676169507
9.94 0.15 2.436162647040756 0.017658127286176172
11.13 0.13 2.761777537508178 0.010898701951535396
10.09 0.14 2.4409090820652177 0.011014715120734648
10.64 0.16 2.6118294794983736 0.007431095999322323
10.71 0.16 2.5487578285737045 0.022095253460312412
8.51 0.07 2.0666985504229953 0.050655274047034515
10.10 0.15 2.4871383754771865 0.010185408044636524
10.81 0.15 2.6015167836500104 0.007935794037280945
10.53 0.15 2.625826713285711 0.01038195092833809
10.38 0.16 2.6148972160331345 0.020133554864932304
10.80 0.15 2.6326597132939136 0.007791396809541097
10.00 0.14 2.412460547429961 0.011928397762139603
10.66 0.16 2.625312450961674 0.013378739963844248
10.24 0.27 2.4442009888641594 0.00843290256122819
10.96 0.13 2.787956123283932 0.009341188139356237
10.85 0.27 2.6924944075030846 0.004849004568550314
10.96 0.10 2.6886867242841235 0.03219631424308359
11.27 0.24 2.7188337183038622 0.012778248034600837
9.57 0.27 2.3191060593097763 0.014788924803420084
11.06 0.10 2.6904618932461783 0.0035430918368611203
11.08 0.24 2.7940695839816323 0.010396831266642757
10.38 0.27 2.557988148224913 0.010574962481318805
11.35 0.13 2.829303772831025 0.022068593673009684
9.94 0.09 2.4202858849419178 0.02029567677587385
11.18 0.19 2.7491176623563223 0.033044145362203944
10.61 0.28 2.59802407233419 0.02082158757547763
11.15 0.13 2.737669627356642 0.005720673746255786
9.67 0.09 2.423737249982329 0.06417016091446465
10.59 0.11 2.709269960975831 0.01696462819934577
10.20 0.14 2.4584867637982066 0.050622356102153564
9.45 0.26 2.3087777736647213 0.04010184803428848
9.80 0.22 2.413634997198556 0.08092755970650872
9.41 0.26 2.240798771117331 0.05687486609646262
8.88 0.27 2.1992064791616577 0.029099377422088932
8.75 0.06 2.130333768495006 0.012867984648985238
9.18 0.26 2.3197304943302246 0.029951343579534606
11.43 0.16 2.9209577059554492 0.05230706092020931
11.41 0.12 2.8105013477665297 0.015721675242165983
10.97 0.15 2.6920533650340808 0.033801013324313234
11.15 0.28 2.8077379220141006 0.025896743977727767
10.84 0.20 2.679609571779756 0.01480342964245714
10.73 0.24 2.6595359071542166 0.026917507310254107
10.09 0.23 2.433929765608464 0.019028366475142475
9.33 0.26 2.3138672203691533 0.021082256403070473
9.28 0.27 2.359076226059263 0.02792707298327997
7.69 0.09 1.9523080096621253 0.10760421315013605
9.35 0.26 2.2555137128195333 0.022667230038259673
11.03 0.23 2.7545776560447304 0.043024422542940484
9.12 0.27 2.1658376246901283 0.026087313588727755
9.24 0.22 2.231979026831504 0.05778713211725566
9.01 0.26 2.313445370426414 0.02447918362525617
8.41 0.26 2.1522883443830563 0.04862874832578665
9.22 0.26 2.2347702951609163 0.11281033135052435
8.71 0.26 2.018284308426531 0.04413731072075234
9.77 0.27 2.4183012913197452 0.008288062631741446
9.31 0.14 2.2530955858490316 0.04219276373599431
9.37 0.26 2.3025473724874854 0.026832344671650833
10.96 0.12 2.6748611407378116 0.10531411643615853
9.25 0.13 2.298853076409707 0.024006227642893316
10.64 0.24 2.6877964113812944 0.011942429832759232
10.75 0.24 2.726808682524964 0.01352333220707931
9.35 0.13 2.2605483726369795 0.029318452949560907
9.79 0.14 2.386855529184724 0.017464447774525514
9.40 0.14 2.2833012287035497 0.015381262900740166
9.94 0.13 2.418798290590354 0.062089375033823634
9.82 0.13 2.416640507338281 0.013311708257570935
9.53 0.14 2.2081725266671217 0.019361735416120206
9.88 0.26 2.255272505103306 0.02171472409516259
9.29 0.08 2.2355284469075487 0.010099871672168645
8.07 0.08 1.9590413923210936 0.036747994622582845
9.43 0.26 2.3344537511509307 0.1320979049122391
9.48 0.27 2.288249225571986 0.02504684962572822
9.20 0.27 2.4407517004791854 0.024713386610659853
9.55 0.06 2.2702128548962426 0.02494337604060544
8.45 0.06 1.9556877503135057 0.03126150755671248
7.91 0.06 1.7573960287930241 0.039481316536659254
8.73 0.26 2.188647295999717 0.020252074285643865
8.98 0.27 2.2203696324513946 0.05072434045107215
8.34 0.06 1.9712758487381052 0.048254942433694645
9.17 0.06 2.278753600952829 0.0022857604310697463
9.17 0.11 2.2229764498933915 0.024690589934655248
8.72 0.26 2.187520720836463 0.019740658268329627
10.48 0.24 2.6138418218760693 0.022084561245201854
8.83 0.07 2.0318122713303706 0.02139182856958396
10.78 0.11 2.5451833682154064 0.01806981885376881
11.27 0.19 2.7410727723733213 0.034529131071632656
8.77 0.26 2.0644579892269186 0.133283478928929
9.39 0.27 2.305566313515304 0.0696246472719711
11.31 0.16 2.808885867359812 0.002697481254057464
9.98 0.23 2.3502480183341627 0.13164551482692322
9.49 0.26 2.280805928393667 0.07666696720869348
10.88 0.28 2.842047288509638 0.06335413676447954
11.07 0.11 2.6939027410660605 0.002724226818899394
9.47 0.26 2.263636068588108 0.026034001639976944
9.76 0.27 2.331427296520743 0.05669112118084405
8.62 0.06 2.0916669575956846 0.035868855995248326
7.98 0.06 1.8790958795000727 0.03499598863421183
