11.058237684175031 0.313502939970441 1.6926872805102307 0.2076601947608924
10.979132743445948 0.4438593552523296 2.111559178454144 0.13894157906858925
10.969056117189277 0.38567955468139137 1.8108408127119846 0.18738687321180342
10.861069689645761 0.6087482388056532 2.3413447219456875 0.058208967734456565
11.017824662490789 0.2987394602324652 2.0747827463163753 0.12310147989061204
10.99758579177952 0.4175389066845363 2.2883332649884074 0.18863415236525072
10.762775125884668 0.7503272863238254 2.1350984853202255 0.15018460887610846
10.97347478117254 0.3997139864356867 1.8806943710748736 0.16357047559618204
10.922076127125722 0.5362903236166433 2.1597107625370207 0.1710574422850575
10.910626760947766 0.645360196919298 2.345225398760135 0.1360322465649418
11.108926484909215 0.35347075503853986 2.385264086611077 0.1274477592760073
10.968223777543644 0.5421335045323423 2.2819379099574997 0.13214007345848625
10.737633795528133 0.8335605791713621 2.1655751383759756 0.047085884127335546
10.919834449978929 0.4345290327994119 2.0112207576235233 0.15420435003587044
10.843905451076417 0.7060417801794382 2.267943122921761 0.14064883016719523
11.024655718626121 0.3074962191923886 1.8453824806136652 0.06990827660035301
11.303472323858065 0.16103856066294098 2.291631927145158 0.136850567780336
11.104800082482402 0.2710572468945301 2.0265100531196416 0.14861867054035827
10.967765483759443 0.29725324014793486 1.721082073145 0.3919048355540895
10.819223196177106 0.7614126563298105 2.46617498044259 0.039546749873531954
10.907945214812129 0.43701965353493216 2.0286296135057547 0.14498658111672336
10.77299304885277 0.6748739848834922 2.2057912066284806 0.04176099689439043
11.008774143246326 0.3780609237161398 2.3340603658121486 0.18273897957378885
10.946186031305656 0.558384707964851 2.2133854698182436 0.044327696721540945
10.972396971279567 0.37204980751139183 2.0640940880720886 0.15922191497661942
10.962751570231791 0.4464953936510653 1.7472485757560894 0.40078370457089496
11.045488027401602 0.35224029911924964 2.3272681042031937 0.1703507378385449
10.952549234085545 0.395943392307391 2.122916911768145 0.14287584442121815
10.881261951058818 0.5091449679872998 2.0929684677267533 0.053761760673829845
10.807644736523109 0.6917064538451847 2.4802450165038548 0.02075572518077135
11.09607788095848 0.24422063848065836 2.189164811188954 0.1741618546250306
11.142106409824908 0.3787149467992563 2.2433468849402947 0.13664459963521133
10.817738960912395 0.6907412743656288 2.30959416326695 0.14530508858315225
11.148308537873493 0.24970744218703453 2.301417653084362 0.17594697748355514
11.08127277560345 0.332131162976666 1.967105176749131 0.15369027632976684
10.822075101793144 0.6647033525231406 2.2834503054405477 0.033117131472848706
10.791308297121338 0.5465709796590443 1.8267908636850616 0.16930974797129983
10.784072155757055 0.7522818569445043 2.329021641092229 0.048626136555553194
10.823207760375361 0.5537325764307776 2.147651479572071 0.355397449272773
11.080567220934277 0.3266252184876626 2.2766228138800444 0.2120022843729015
10.834803231365425 0.5441446478186402 1.8578073231487393 0.06440781753561299
10.840177970150911 0.7483717990525555 2.245550611213096 0.13643268576681622
11.18084711445038 0.223207742865189 1.3970053291376332 0.3978196442931109
10.800238496053865 0.6514550301603703 2.1705834613961894 0.019164151167417105
11.007228205235075 0.31778070826631033 2.180766070252581 0.1714614625274646
11.061073778162235 0.33633251081473087 2.2759589355785135 0.16365780800680946
10.883156997256027 0.518263832487662 2.2053443183132377 0.14778929226137277
10.77308950551851 0.634982725416935 2.2695899495334007 0.16420799996180077
11.308838750454333 0.1949723247422351 2.379177664190779 0.17241936290620674
10.882497775308492 0.4397961661971087 2.0666061649585945 0.15010046756729262
10.82746522060293 0.6067494426556049 1.9560730692596944 0.04679625077749135
10.98889440811413 0.5121577116007027 2.3953557703075874 0.14745280309549116
10.879938532026378 0.43103213938139706 1.9602522688604365 0.04989948258143893
11.013561043843252 0.4719546409140611 2.391502960996896 0.13613160528939883
10.968777681417436 0.49808762071843277 2.1866358772171313 0.023792216119942526
10.888909186426481 0.5784232585939163 2.380377084557223 0.17613477928121718
11.011072532517213 0.4593581253028239 2.1246823446176246 0.1418385651601463
10.949667824335679 0.39337691794427093 2.150030313157905 0.13944143306766216
10.846519810510719 0.599003057079834 2.140956834253818 0.16021921415199966
10.827199062448805 0.7342218541824865 2.3519701510257414 0.3428760931478162
10.838702353339228 0.5749815552658588 2.353336410611417 0.1638234209936476
10.981849442924124 0.34398896595874706 1.9407087838815378 0.14123780513324685
10.931551854027177 0.5003153746084018 2.2192464999663803 0.1536757764544231
10.916006859126023 0.3553628660079979 1.9239012151400088 0.14329730460588705
10.815006731887992 0.727604675811209 1.9253480367598101 0.3816325923924252
10.909177319119049 0.6765357949988319 2.380103717930338 0.15252383209202677
11.0684215110742 0.4721234283520015 2.531712663108586 0.14499009609320876
10.908146382357526 0.5698031475025859 2.253023605467767 0.02263378485684762
10.830704035873381 0.5188712445994647 2.1684697382830356 0.14987328716007833
10.750965729275284 0.720944161295761 2.15438983603221 0.1410491298470565
10.897011831329197 0.6975009794657197 2.3459318482340934 0.14352103387817325
10.917396460182168 0.5423702367382577 2.1971889128056024 0.1883354756843332
11.00734294198328 0.3571286513258303 2.3311407324440974 0.17033380874635504
11.07203522835553 0.33935662113040177 2.1787569902489357 0.12917556778619413
10.8977897035879 0.5412659502855168 2.327303446576056 0.16817459573383786
10.871022097326838 0.5323270166201234 1.8533002360353348 0.17545106126438065
10.766096884972555 0.7458842259019732 1.5883083658001986 0.42289624587420965
10.798738697540182 0.8915819497741058 1.9636622463698798 0.15384837130438964
11.14409925037274 0.21971340694448305 2.137444205530554 0.15292003008455962
10.857507061042469 0.7776623428360356 2.118334745949586 0.15536412840303945
11.052972437347155 0.3965692549613049 2.249819867499783 0.13369056126641285
10.861515336614232 0.6536046182206436 2.2301057213933704 0.1398173826861285
10.826868260723005 0.4407454147879703 1.760216575225381 0.1945718371301793
10.796015966791387 0.8898560448319898 2.2546047266994678 0.13819975013189428
10.802224311929095 0.6923615396650021 2.4127650496078648 0.05389108062654284
10.865579766763878 0.5450042132655459 2.191766998502065 0.0317270323072269
11.047373603932467 0.23645877789417535 2.572635832316915 0.11328763071180457
10.927512283648541 0.4311521635592037 1.9924465016227213 0.1544601509754225
10.812907497275901 0.6318833672842953 2.064066943585822 0.1716540642570594
10.704227014908314 0.8072564405317381 1.799783657773761 0.1670182176833834
10.934561513477176 0.5137990892411827 2.3292316457571056 0.153852150693326
10.830604545898355 0.7864592356241568 2.2702796228235758 0.18549411821110945
11.21355099948028 0.24677844129827156 2.0582621677411215 0.14545742995563365
11.102687687044263 0.3110222102355304 2.3453489626414767 0.1488875675493631
10.888940972538187 0.4667230587404886 1.5329599388207145 0.17487712372434813
10.777603556431366 0.6956872941553542 2.2219577326880118 0.03659305239971382
10.9569936834465 0.5647768367094277 2.3788711158125735 0.04061127601688413
10.756957164914237 0.6553638855523357 2.0799525374356653 0.042145186796700596
10.827164273796376 0.5559190605145687 2.166824931155264 0.1554971532859607
10.81684805111721 0.5936293129655987 2.1859924843750034 0.37016890577299044
11.033774027628715 0.3927440890665132 2.0958921261683883 0.1548501818146937
10.880719103385458 0.555870685538569 2.2678939743790894 0.16210982682731162
11.019178598642954 0.5741470397106002 2.4826806761199123 0.15858619898627305
10.859498816190543 0.7451612942680873 2.2934867517656494 0.14965223741866418
11.21718297530656 0.18818068188899045 1.8776908868876507 0.15895625095179797
10.948550228503235 0.6199759219827393 2.3264044342164545 0.1487702178403665
10.809374115305705 0.7464741576556048 2.3409723948243175 0.16245548359272854
10.720200946387159 1.026557382756458 2.02359943463174 0.14401182779728755
10.790186166205348 0.8693509169097076 2.3899122455771478 0.1638449696474161
10.815103997016898 0.7201398054410725 2.1284545489426407 0.16760134895205173
10.788153972370138 0.7446228908635035 2.2122343415986645 0.1364739369409263
10.924866035738296 0.5210560834407877 2.129661023824156 0.13902943402899515
11.085542437133746 0.3868592824238146 2.3191381630120333 0.17505686147717542
11.068021016587068 0.32346334252297565 2.4057742915178593 0.13839780463048665
10.903642831930908 0.5748470983886762 2.2765010811995237 0.03454825015753938
10.914851846937006 0.58278888366533 2.1105374807208492 0.1364151320715322
11.174150130662557 0.22917354580656552 2.094605860879867 0.19305492880254424
10.87611893765859 0.599692507737577 2.0444725427439137 0.1563902519842721
10.78450512980953 0.6433879126601041 2.5253469923157765 0.02802399087700556
10.802889732753773 0.6002600276628826 2.212802258409421 0.17228238305877014
11.106370055920538 0.2542696933346614 1.5731193014217602 0.1814472828265567
11.228288729758214 0.19009030399240537 1.9744480435121436 0.15658710398029932
10.93576760023351 0.5773597110499181 2.344166037170688 0.1232573741386133
10.898524970464296 0.7584117283289268 2.2926720525444533 0.16781364248384223
11.148031403276224 0.20803397321636707 2.0963479208532623 0.15493573692665794
10.773898773730002 0.7036066121790863 1.8926988717890236 0.04410527864281246
10.783779199253857 0.814092037286016 2.103077048486306 0.15983678872755352
10.892714354457132 0.7455289890037298 2.264087180080495 0.12715061267415004
11.034080731250551 0.36251804877139465 2.204658719547646 0.13560073047784146
10.993801139899226 0.5734848974215001 2.4857441849908892 0.14098012109811336
11.057686207661131 0.3811939653339858 2.10139904860999 0.19440251777646367
11.054919422604904 0.3637648473942465 2.1663013608861 0.17470775793017168
10.833551770519332 0.7613259255318676 2.202120289995848 0.013721234817427038
10.900001123416843 0.5346730848758277 2.145963064113523 0.15598522955517227
10.92273418052329 0.4802784005391586 2.0130902383605225 0.046523481242663464
10.740787892778803 0.8274953310759102 2.0387644759791246 0.14680855439030546
11.02395313372633 0.31371836186786994 2.241872131463336 0.14758001475263738
10.818398482749018 0.7549427342090617 2.16343487979229 0.14381408970819817
10.89442225640807 0.640176437653344 2.2147084633675354 0.1566636892997755
10.828484599908903 0.66867828783263 2.433603321379304 0.16122999650072586
10.933336301386559 0.439991498129537 2.3041910647530277 0.16048400880007657
10.804837070092479 0.8244746838395535 2.12712710875373 0.13413123778177347
10.926425057535129 0.5072165090355373 2.3433972004500903 0.025066664580925494
11.05242257145156 0.22071097847219218 1.7642815056989463 0.17398027638991168
10.817316914425614 0.7019750534134255 2.095834060285756 0.1460756008307429
10.755584769901935 0.9046744813825672 2.308722803625278 0.15455725900021927
10.955524650450167 0.5051396588668826 2.439691368133305 0.12446135608522775
10.73269908789796 0.7486248883060322 1.6979512756041684 0.39421307068365924
10.82241462730832 0.7042595969159193 2.304523487935453 0.1721475678416763
10.762704306847457 0.6887340808299852 2.2705479882676274 0.15755651837261642
10.788139972922798 0.6621738773446015 2.0614675831068348 0.05396507076494627
10.851752801398776 0.7229112354767334 1.8321505230016404 0.16831538366639454
10.859542919003305 0.6285636090489022 1.949778425768534 0.1501215626409087
11.11610735754536 0.503978679611852 2.533417025934728 0.12597157638370277
10.980384252463969 0.3920169553513022 2.2529315951120603 0.14284745437562954
10.831563912451449 0.5846127849005364 2.230609947954273 0.1639608445820298
10.842229736521777 0.5817575621539314 2.219274999555246 0.15293037144842328
10.944699275090523 0.7137157314938882 2.2357881902580625 0.1383267176169833
10.92467184382374 0.6731700721534792 2.323177077195303 0.129684299517813
11.043278214761074 0.5976897054797382 2.243412851268789 0.15235053496523587
10.90141937954246 0.5492378767192555 2.3478115054659274 0.12318215414896966
10.817935134454011 0.7067352680568023 1.8766137622479757 0.16111708806801686
10.854435380756563 0.6508945075440813 2.282197600051072 0.1564711548920007
10.978559247144899 0.5786047574095189 2.283476771541137 0.13937283667280015
11.008176502753397 0.5618538093664004 2.2512225357067845 0.13163294877794815
10.778298469090329 0.7437272503513136 1.9926525310248593 0.029471020188899532
10.746379709166142 0.9111399015245729 2.3153384352354416 0.17196972538916558
10.81421080158432 0.6421919512834524 2.0671032762256503 0.14020172823251326
10.771198207476846 0.8800563834050099 2.4181193221242956 0.15779367882540948
11.181666168153138 0.22151631991587065 2.215031188480257 0.03926374006792654
10.978944723515783 0.564176911120319 2.2418708658996147 0.16804725996359487
10.889893582418434 0.5094836894072583 2.228587395871827 0.17125602671807647
10.811818122774143 0.6735777547083552 2.05695663305835 0.17478511355850823
10.919763662736102 0.6032240860607782 2.2939698822295043 0.18223330409256808
10.84509869251982 0.5971661231032009 2.2186228944848247 0.1615991597952282
10.805901942451836 0.6100254150685025 1.999892034413186 0.15513924220368822
10.706577951815362 0.8175314881209609 2.4552076700095955 0.1296170595948609
10.747626308791675 0.9964714426946742 2.1039887514285334 0.16427533020666266
10.93381380620404 0.3348538024918184 2.1491069627131565 0.02150926002989135
11.113995450959248 0.19022143307056338 1.9753118990686465 0.16216828523884033
10.89477396488146 0.5059152448364206 2.1386641219982025 0.1347291906336805
10.91557975063221 0.7884674183097009 2.29678763476696 0.12781674674701207
10.801294437770371 0.9099055325616657 2.2204327136631274 0.03107094239697713
10.766008744120617 0.8806385202320312 1.9972058778330224 0.2558368262211383
10.95209304540251 0.652014038264149 2.3992351490137622 0.15338151799563077
10.969930331046854 0.6217520744040469 2.0162511005835904 0.1464122653782321
10.950439197646313 0.651102317109358 2.4502249001833127 0.15523427703782972
10.792036783291852 0.4989949192083338 1.9390423333175197 0.18266152582411388
10.965820123564363 0.35739777299495973 2.0111387910443828 0.1537028078393691
10.94919253788578 0.5374134503170158 2.2569877185790137 0.1647928807978304
10.81250908285276 0.7494016058543511 2.3857744245316073 0.15132996661875597
10.803009846909372 0.81156913208442 2.117581834801336 0.13602836745071054
10.94702528075078 0.5037166809169784 2.103504429028741 0.13904675125349641
10.924720737822478 0.5182416502545971 2.1527392741091362 0.14490025091387349
11.383699105276328 0.10614208332415448 2.0596027808142487 0.17120006085847558
10.902247724492288 0.5602790942606416 2.30594452275034 0.16336496698283354
10.790569883497811 0.8771782268194943 2.317396971479142 0.14494807565046772
10.943796839477061 0.4989362230039208 2.249842144588215 0.054393384150547966
11.102997227361318 0.3174880640017447 1.987710622026882 0.14370540884657224
10.691189319173446 0.8723060295125282 1.8449366801985174 0.1618655699247478
10.907217450538903 0.6037423021160233 2.3406218537966645 0.16974417063366715
10.860713288384334 0.8105929425681035 2.0086407624913067 0.17469297185397245
10.778476362829416 0.5770390658794887 2.227137210127704 0.18450106475847147
11.268213815654802 0.161202019425839 1.8269950237716515 0.18797553682013052
10.926015373862093 0.681665905072905 2.4638460308702754 0.14596703168478353
11.17025576305594 0.2836667751887236 2.1430570422308617 0.16317211398689785
11.284218572543672 0.27059622410918027 2.099500008928416 0.15549629070318002
11.404462041067207 0.11827489394533863 2.259328812537849 0.16108837786506894
10.735790824129424 0.6278108954824319 2.1397115492404106 0.14884397648798806
10.985964810695009 0.4136170689135925 2.017526266852027 0.13920104231847355
10.836176715039219 0.765598169696084 2.093026510067795 0.12983463169703968
11.007890379039251 0.38446398377527324 1.9792235619188603 0.1490643787871957
11.224837042778345 0.15699351695188932 2.005075532144591 0.2751184793063705
10.990633037768385 0.5176102792510644 2.2087701673607993 0.13702773168006863
11.120971442553246 0.308995105725088 2.400658955440739 0.1440990787613954
10.853257525790426 0.5866045452654476 2.3757357289313625 0.16459964147032186
11.189654363962923 0.19677161404145438 2.1429290411512176 0.17254647270766119
11.294406887872267 0.1260370830127653 1.9594687565679294 0.14922544307258642
10.758084357749102 0.7058478596066269 2.2734231849911484 0.13720934880126892
10.994950183580062 0.2896965891351138 2.333929487970962 0.16041384015862128
11.138614576403656 0.2707890372965592 2.18911402675479 0.1488652268894484
11.080295488080955 0.3124431961170241 1.7472858338036696 0.07225426171743819
11.125766909751198 0.35906228764815834 2.2570683771444755 0.15944881325286256
10.817217617319862 0.6985394834440406 2.3096397842289447 0.15457567934773253
10.865549564079572 0.6005735662117645 1.8391484875132447 0.3955405301486631
10.787190724220372 0.7568491570276269 1.9039916505780445 0.40006014371159193
10.974528411599426 0.4187804420564244 1.9914017035133547 0.1337418642438118
11.166973005815116 0.28799226707042336 2.164239666173728 0.16802749203633574
10.938064430712798 0.5361381448109744 2.3656834501974617 0.17566114554378373
11.136239932151748 0.3442559074294353 2.3294074591483853 0.16406535583736678
10.876066034379207 0.652335035374509 2.1635566856949486 0.1423766621100259
10.832564352778498 0.6489623356242695 2.422204751215206 0.14170661551614724
11.021975896629337 0.40152109592094626 2.2562529819223367 0.1379120074684792
10.7618271796767 0.8190349726978178 2.289025858157983 0.16164441273134228
10.874531485855229 0.5350993453272226 2.4495062527917844 0.03213633572992236
10.875278626682462 0.7183688859213573 2.454289248488057 0.14800249028338286
10.8301763668566 0.5403901250112967 1.93364766948071 0.36947265696334575
10.907217443006777 0.45783620325538443 2.0806447805683996 0.1360616874670685
10.764189514908944 0.6914152572022771 2.2078895045556663 0.13734155496138428
10.802437411680733 0.557753193073554 2.155479291668043 0.14559915867826564
11.02701117687643 0.32440602472775687 1.9881081574942379 0.13935624963128493
10.953659435326397 0.4426948600004384 1.990153497043275 0.14735674494380493
11.03312422136106 0.4012705928258696 2.2082506301941613 0.13316100962030802
10.984413717576885 0.3934764665134775 2.283719922035364 0.15400845036144797
10.889926724111277 0.5918240964089982 2.320621440877372 0.1665404582043905
10.947901768584524 0.5225068142679489 2.343262295908701 0.18127055528414898
10.907178941498303 0.4705083967626014 2.147275439213323 0.13383047447540372
10.906924000164578 0.5281224718974536 1.7724026353175335 0.37493938610799565
10.84551247692182 0.5099944706113382 2.262257946774262 0.17492793286010241
11.05512559823191 0.38023200894959036 2.095547442532303 0.0301618032180415
