10.058237684175031 0.31350293997044104 1.3502645996880245 0.2076601947608924
9.979132743445948 0.4438593552523296 1.7691364976319377 0.13894157906858923
9.969056117189277 0.38567955468139137 1.4684181318897784 0.18738687321180342
9.861069689645761 0.6087482388056533 1.9989220411234812 0.05820896773445657
10.017824662490787 0.2987394602324653 1.732360065494169 0.12310147989061206
9.99758579177952 0.4175389066845363 1.9459105841662012 0.1886341523652507
9.762775125884668 0.7503272863238255 1.7926758044980196 0.15018460887610843
9.973474781172541 0.3997139864356866 1.5382716902526672 0.163570475596182
9.922076127125722 0.5362903236166433 1.8172880817148143 0.17105744228505754
9.910626760947766 0.645360196919298 2.0028027179379286 0.13603224656494184
10.108926484909215 0.35347075503853986 2.0428414057888706 0.1274477592760073
9.968223777543644 0.5421335045323422 1.9395152291352933 0.13214007345848625
9.737633795528133 0.8335605791713622 1.8231524575537694 0.04708588412733554
9.919834449978929 0.4345290327994119 1.668798076801317 0.15420435003587046
9.843905451076417 0.7060417801794381 1.9255204420995549 0.14064883016719523
10.024655718626121 0.3074962191923887 1.502959799791459 0.06990827660035302
10.303472323858065 0.16103856066294098 1.9492092463229518 0.13685056778033602
10.104800082482402 0.27105724689453015 1.6840873722974354 0.14861867054035827
9.967765483759443 0.29725324014793486 1.3786593923227939 0.3919048355540895
9.819223196177106 0.7614126563298105 2.1237522996203833 0.039546749873531954
9.907945214812129 0.43701965353493216 1.6862069326835483 0.14498658111672336
9.77299304885277 0.6748739848834922 1.8633685258062747 0.04176099689439043
10.008774143246326 0.3780609237161398 1.9916376849899424 0.18273897957378885
9.946186031305656 0.5583847079648508 1.8709627889960372 0.04432769672154095
9.972396971279567 0.3720498075113917 1.7216714072498824 0.1592219149766194
9.962751570231791 0.44649539365106533 1.404825894933883 0.40078370457089496
10.045488027401602 0.35224029911924964 1.9848454233809876 0.1703507378385449
9.952549234085545 0.3959433923073909 1.7804942309459388 0.14287584442121815
9.881261951058818 0.5091449679872998 1.7505457869045469 0.05376176067382985
9.807644736523109 0.6917064538451846 2.1378223356816486 0.020755725180771345
10.09607788095848 0.24422063848065834 1.846742130366748 0.1741618546250306
10.142106409824908 0.37871494679925627 1.9009242041180883 0.13664459963521133
9.817738960912395 0.6907412743656287 1.9671714824447435 0.14530508858315228
10.148308537873493 0.24970744218703458 1.9589949722621558 0.17594697748355514
10.08127277560345 0.33213116297666606 1.6246824959269248 0.15369027632976684
9.822075101793144 0.6647033525231406 1.9410276246183413 0.033117131472848706
9.791308297121338 0.5465709796590443 1.4843681828628554 0.16930974797129983
9.784072155757055 0.7522818569445043 1.986598960270023 0.048626136555553194
9.823207760375361 0.5537325764307776 1.8052287987498647 0.355397449272773
10.080567220934277 0.3266252184876627 1.934200133057838 0.21200228437290153
9.834803231365425 0.5441446478186401 1.515384642326533 0.06440781753561299
9.840177970150911 0.7483717990525555 1.9031279303908897 0.13643268576681616
10.18084711445038 0.22320774286518896 1.054582648315427 0.39781964429311095
9.800238496053865 0.6514550301603704 1.8281607805739832 0.019164151167417105
10.007228205235075 0.3177807082663104 1.8383433894303747 0.1714614625274646
10.061073778162235 0.33633251081473087 1.9335362547563073 0.16365780800680946
9.883156997256027 0.5182638324876618 1.8629216374910316 0.14778929226137277
9.77308950551851 0.6349827254169351 1.9271672687111943 0.16420799996180077
10.308838750454333 0.1949723247422351 2.036754983368573 0.1724193629062067
9.882497775308492 0.4397961661971087 1.7241834841363883 0.15010046756729262
9.82746522060293 0.6067494426556049 1.613650388437488 0.046796250777491354
9.98889440811413 0.5121577116007028 2.0529330894853812 0.14745280309549116
9.879938532026378 0.4310321393813971 1.6178295880382303 0.04989948258143892
10.013561043843252 0.4719546409140611 2.0490802801746892 0.13613160528939883
9.968777681417436 0.4980876207184327 1.8442131963949249 0.02379221611994253
9.888909186426481 0.5784232585939164 2.037954403735017 0.17613477928121718
10.011072532517213 0.4593581253028239 1.7822596637954182 0.1418385651601463
9.949667824335679 0.3933769179442709 1.8076076323356989 0.13944143306766216
9.846519810510719 0.5990030570798339 1.798534153431612 0.16021921415199966
9.827199062448805 0.7342218541824865 2.009547470203535 0.3428760931478162
9.838702353339228 0.5749815552658588 2.010913729789211 0.16382342099364758
9.981849442924124 0.343988965958747 1.5982861030593314 0.14123780513324688
9.931551854027177 0.5003153746084018 1.876823819144174 0.1536757764544231
9.916006859126023 0.35536286600799794 1.5814785343178026 0.14329730460588705
9.815006731887992 0.7276046758112089 1.582925355937604 0.38163259239242514
9.909177319119049 0.6765357949988318 2.0376810371081318 0.15252383209202677
10.0684215110742 0.47212342835200155 2.18928998228638 0.14499009609320876
9.908146382357526 0.569803147502586 1.9106009246455604 0.022633784856847618
9.830704035873381 0.5188712445994647 1.8260470574608292 0.14987328716007836
9.750965729275284 0.720944161295761 1.8119671552100036 0.14104912984705653
9.897011831329197 0.6975009794657197 2.003509167411887 0.14352103387817325
9.917396460182168 0.5423702367382577 1.854766231983396 0.18833547568433323
10.00734294198328 0.3571286513258303 1.988718051621891 0.17033380874635504
10.07203522835553 0.33935662113040177 1.8363343094267295 0.12917556778619413
9.8977897035879 0.5412659502855169 1.9848807657538494 0.16817459573383786
9.871022097326838 0.5323270166201234 1.5108775552131284 0.17545106126438065
9.766096884972555 0.7458842259019732 1.2458856849779922 0.42289624587420965
9.798738697540182 0.8915819497741059 1.6212395655476737 0.15384837130438966
10.14409925037274 0.21971340694448305 1.7950215247083474 0.1529200300845596
9.857507061042469 0.7776623428360356 1.7759120651273796 0.15536412840303943
10.052972437347155 0.39656925496130485 1.907397186677577 0.13369056126641285
9.861515336614232 0.6536046182206436 1.8876830405711642 0.13981738268612848
9.826868260723005 0.44074541478797036 1.417793894403175 0.1945718371301793
9.796015966791387 0.8898560448319897 1.9121820458772618 0.13819975013189428
9.802224311929095 0.692361539665002 2.0703423687856586 0.05389108062654284
9.865579766763878 0.5450042132655459 1.8493443176798585 0.0317270323072269
10.047373603932467 0.23645877789417535 2.230213151494709 0.11328763071180457
9.927512283648541 0.4311521635592037 1.6500238208005151 0.1544601509754225
9.812907497275901 0.6318833672842952 1.7216442627636155 0.1716540642570594
9.704227014908314 0.8072564405317382 1.4573609769515548 0.1670182176833834
9.934561513477176 0.5137990892411827 1.9868089649348992 0.153852150693326
9.830604545898355 0.7864592356241568 1.9278569420013694 0.18549411821110945
10.21355099948028 0.24677844129827156 1.7158394869189153 0.14545742995563363
10.102687687044263 0.3110222102355304 2.0029262818192706 0.14888756754936308
9.888940972538187 0.46672305874048853 1.1905372579985083 0.17487712372434816
9.777603556431366 0.6956872941553542 1.8795350518658056 0.03659305239971382
9.9569936834465 0.5647768367094277 2.0364484349903673 0.04061127601688413
9.756957164914237 0.6553638855523357 1.737529856613459 0.04214518679670059
9.827164273796376 0.5559190605145687 1.824402250333058 0.1554971532859607
9.81684805111721 0.5936293129655988 1.843569803552797 0.3701689057729905
10.033774027628715 0.39274408906651315 1.753469445346182 0.15485018181469373
9.880719103385458 0.555870685538569 1.9254712935568832 0.16210982682731162
10.019178598642954 0.5741470397106002 2.140257995297706 0.15858619898627302
9.859498816190543 0.7451612942680873 1.951064070943443 0.14965223741866418
10.21718297530656 0.18818068188899048 1.5352682060654446 0.15895625095179797
9.948550228503235 0.6199759219827392 1.9839817533942483 0.1487702178403665
9.809374115305705 0.7464741576556049 1.9985497140021111 0.16245548359272854
9.720200946387159 1.026557382756458 1.6811767538095335 0.14401182779728755
9.790186166205348 0.8693509169097074 2.0474895647549416 0.1638449696474161
9.815103997016898 0.7201398054410724 1.7860318681204344 0.1676013489520517
9.788153972370138 0.7446228908635035 1.869811660776458 0.13647393694092633
9.924866035738296 0.5210560834407877 1.7872383430019496 0.13902943402899515
10.085542437133746 0.3868592824238146 1.976715482189827 0.1750568614771754
10.068021016587068 0.32346334252297565 2.063351610695653 0.13839780463048668
9.903642831930908 0.5748470983886762 1.9340784003773173 0.03454825015753939
9.914851846937006 0.5827888836653301 1.7681147998986433 0.13641513207153222
10.174150130662557 0.22917354580656554 1.7521831800576608 0.1930549288025443
9.87611893765859 0.5996925077375769 1.7020498619217073 0.1563902519842721
9.78450512980953 0.6433879126601041 2.1829243114935704 0.028023990877005557
9.802889732753773 0.6002600276628824 1.8703795775872147 0.17228238305877017
10.106370055920538 0.2542696933346614 1.230696620599554 0.18144728282655667
10.228288729758214 0.19009030399240537 1.6320253626899373 0.1565871039802993
9.93576760023351 0.5773597110499182 2.0017433563484817 0.1232573741386133
9.898524970464296 0.7584117283289267 1.950249371722247 0.16781364248384223
10.148031403276224 0.20803397321636707 1.7539252400310563 0.1549357369266579
9.773898773730002 0.7036066121790863 1.5502761909668175 0.04410527864281245
9.783779199253857 0.814092037286016 1.7606543676640998 0.15983678872755352
9.892714354457132 0.7455289890037298 1.9216644992582885 0.12715061267415004
10.034080731250551 0.36251804877139465 1.8622360387254397 0.13560073047784146
9.993801139899226 0.5734848974215001 2.1433215041686826 0.14098012109811336
10.057686207661131 0.3811939653339858 1.7589763677877839 0.19440251777646367
10.054919422604904 0.3637648473942466 1.8238786800638938 0.17470775793017165
9.833551770519332 0.7613259255318676 1.859697609173642 0.01372123481742704
9.900001123416843 0.5346730848758277 1.803540383291317 0.15598522955517224
9.92273418052329 0.4802784005391586 1.6706675575383163 0.04652348124266347
9.740787892778803 0.8274953310759103 1.6963417951569184 0.14680855439030546
10.02395313372633 0.31371836186786994 1.89944945064113 0.14758001475263738
9.818398482749018 0.7549427342090617 1.8210121989700838 0.14381408970819817
9.89442225640807 0.6401764376533441 1.8722857825453292 0.1566636892997755
9.828484599908903 0.66867828783263 2.0911806405570976 0.16122999650072586
9.933336301386559 0.439991498129537 1.9617683839308215 0.16048400880007657
9.804837070092479 0.8244746838395534 1.7847044279315234 0.13413123778177344
9.926425057535129 0.5072165090355372 2.000974519627884 0.025066664580925494
10.05242257145156 0.22071097847219215 1.42185882487674 0.17398027638991168
9.817316914425614 0.7019750534134255 1.7534113794635497 0.14607560083074286
9.755584769901935 0.9046744813825673 1.9663001228030714 0.15455725900021924
9.955524650450167 0.5051396588668827 2.097268687311099 0.12446135608522774
9.73269908789796 0.7486248883060324 1.3555285947819622 0.39421307068365924
9.82241462730832 0.7042595969159193 1.9621008071132466 0.17214756784167629
9.762704306847457 0.6887340808299852 1.928125307445421 0.15755651837261644
9.788139972922798 0.6621738773446015 1.7190449022846286 0.05396507076494627
9.851752801398776 0.7229112354767334 1.489727842179434 0.1683153836663945
9.859542919003305 0.6285636090489021 1.6073557449463276 0.1501215626409087
10.11610735754536 0.503978679611852 2.190994345112522 0.12597157638370274
9.980384252463969 0.3920169553513023 1.9105089142898541 0.14284745437562957
9.831563912451449 0.5846127849005364 1.888187267132067 0.1639608445820298
9.842229736521777 0.5817575621539314 1.8768523187330397 0.15293037144842328
9.944699275090523 0.7137157314938881 1.8933655094358561 0.1383267176169833
9.92467184382374 0.6731700721534793 1.9807543963730965 0.129684299517813
10.043278214761074 0.5976897054797382 1.9009901704465828 0.15235053496523587
9.90141937954246 0.5492378767192554 2.0053888246437213 0.12318215414896966
9.817935134454011 0.7067352680568023 1.5341910814257695 0.16111708806801686
9.854435380756563 0.6508945075440814 1.9397749192288658 0.1564711548920007
9.978559247144899 0.5786047574095189 1.9410540907189306 0.13937283667280015
10.008176502753397 0.5618538093664004 1.9087998548845784 0.13163294877794815
9.778298469090329 0.7437272503513137 1.6502298502026531 0.029471020188899532
9.746379709166142 0.9111399015245729 1.9729157544132354 0.17196972538916558
9.81421080158432 0.6421919512834524 1.724680595403444 0.14020172823251326
9.771198207476846 0.8800563834050098 2.0756966413020894 0.15779367882540948
10.181666168153138 0.22151631991587062 1.8726085076580505 0.039263740067926545
9.978944723515783 0.5641769111203189 1.8994481850774083 0.16804725996359487
9.889893582418434 0.5094836894072583 1.8861647150496206 0.17125602671807647
9.811818122774143 0.6735777547083552 1.7145339522361438 0.1747851135585082
9.919763662736102 0.6032240860607782 1.951547201407298 0.18223330409256805
9.84509869251982 0.5971661231032009 1.8762002136626186 0.16159915979522815
9.805901942451836 0.6100254150685024 1.6574693535909797 0.15513924220368822
9.706577951815362 0.817531488120961 2.1127849891873893 0.1296170595948609
9.747626308791675 0.9964714426946744 1.761566070606327 0.16427533020666263
9.93381380620404 0.33485380249181834 1.8066842818909503 0.021509260029891345
10.113995450959248 0.19022143307056338 1.63288921824644 0.16216828523884033
9.89477396488146 0.5059152448364205 1.7962414411759962 0.13472919063368047
9.91557975063221 0.7884674183097008 1.9543649539447536 0.12781674674701207
9.801294437770371 0.9099055325616657 1.8780100328409213 0.031070942396977125
9.766008744120617 0.8806385202320313 1.654783197010816 0.2558368262211383
9.95209304540251 0.6520140382641492 2.0568124681915556 0.15338151799563077
9.969930331046854 0.6217520744040468 1.673828419761384 0.1464122653782321
9.950439197646313 0.6511023171093581 2.1078022193611066 0.1552342770378297
9.792036783291852 0.49899491920833383 1.5966196524953136 0.18266152582411385
9.965820123564363 0.35739777299495973 1.6687161102221766 0.1537028078393691
9.94919253788578 0.5374134503170158 1.9145650377568073 0.16479288079783042
9.81250908285276 0.749401605854351 2.0433517437094006 0.15132996661875597
9.803009846909372 0.81156913208442 1.7751591539791296 0.13602836745071054
9.94702528075078 0.5037166809169785 1.7610817482065348 0.1390467512534964
9.924720737822478 0.5182416502545971 1.81031659328693 0.14490025091387349
10.383699105276328 0.1061420833241545 1.7171800999920424 0.17120006085847558
9.902247724492288 0.5602790942606416 1.9635218419281337 0.16336496698283356
9.790569883497811 0.8771782268194943 1.9749742906569359 0.14494807565046772
9.943796839477061 0.49893622300392076 1.9074194637660087 0.05439338415054795
10.102997227361318 0.3174880640017447 1.645287941204676 0.14370540884657224
9.691189319173446 0.8723060295125281 1.5025139993763112 0.16186556992474782
9.907217450538903 0.6037423021160232 1.9981991729744584 0.16974417063366715
9.860713288384334 0.8105929425681037 1.6662180816691006 0.17469297185397248
9.778476362829416 0.5770390658794887 1.8847145293054977 0.18450106475847147
10.268213815654802 0.161202019425839 1.484572342949445 0.18797553682013052
9.926015373862093 0.681665905072905 2.1214233500480693 0.14596703168478353
10.17025576305594 0.2836667751887236 1.8006343614086555 0.16317211398689788
10.284218572543672 0.27059622410918027 1.7570773281062102 0.15549629070318002
10.404462041067207 0.11827489394533863 1.9169061317156426 0.16108837786506894
9.735790824129424 0.6278108954824319 1.7972888684182045 0.14884397648798806
9.985964810695009 0.41361706891359246 1.6751035860298205 0.13920104231847352
9.836176715039219 0.765598169696084 1.7506038292455888 0.12983463169703965
10.007890379039251 0.3844639837752732 1.6368008810966541 0.1490643787871957
10.224837042778345 0.1569935169518893 1.6626528513223848 0.2751184793063705
9.990633037768385 0.5176102792510644 1.866347486538593 0.1370277316800686
10.120971442553246 0.308995105725088 2.0582362746185328 0.1440990787613954
9.853257525790426 0.5866045452654476 2.033313048109156 0.16459964147032188
10.189654363962923 0.19677161404145438 1.8005063603290115 0.17254647270766119
10.294406887872267 0.12603708301276534 1.617046075745723 0.14922544307258642
9.758084357749102 0.7058478596066269 1.931000504168942 0.13720934880126892
9.994950183580062 0.2896965891351138 1.9915068071487556 0.16041384015862128
10.138614576403656 0.2707890372965592 1.8466913459325838 0.14886522688944842
10.080295488080955 0.31244319611702415 1.4048631529814635 0.0722542617174382
10.125766909751198 0.35906228764815834 1.9146456963222693 0.15944881325286256
9.817217617319862 0.6985394834440406 1.9672171034067383 0.15457567934773253
9.865549564079572 0.6005735662117645 1.4967258066910385 0.3955405301486631
9.787190724220372 0.7568491570276269 1.5615689697558384 0.4000601437115919
9.974528411599426 0.41878044205642445 1.6489790226911485 0.1337418642438118
10.166973005815116 0.28799226707042336 1.8218169853515216 0.16802749203633577
9.938064430712798 0.5361381448109744 2.0232607693752556 0.17566114554378376
10.136239932151748 0.3442559074294353 1.9869847783261791 0.16406535583736678
9.876066034379207 0.6523350353745089 1.8211340048727425 0.14237666211002586
9.832564352778498 0.6489623356242695 2.0797820703929992 0.14170661551614722
10.021975896629337 0.40152109592094626 1.9138303011001303 0.1379120074684792
9.7618271796767 0.8190349726978179 1.9466031773357766 0.1616444127313423
9.874531485855229 0.5350993453272227 2.107083571969578 0.03213633572992236
9.875278626682462 0.7183688859213572 2.111866567665851 0.14800249028338283
9.8301763668566 0.5403901250112967 1.5912249886585037 0.3694726569633457
9.907217443006777 0.4578362032553844 1.7382220997461935 0.1360616874670685
9.764189514908944 0.6914152572022771 1.8654668237334602 0.13734155496138428
9.802437411680733 0.557753193073554 1.813056610845837 0.14559915867826562
10.02701117687643 0.3244060247277569 1.6456854766720317 0.13935624963128496
9.953659435326397 0.44269486000043834 1.6477308162210687 0.14735674494380493
10.03312422136106 0.40127059282586963 1.865827949371955 0.13316100962030802
9.984413717576885 0.39347646651347756 1.941297241213158 0.15400845036144797
9.889926724111277 0.5918240964089982 1.9781987600551658 0.16654045820439048
9.947901768584524 0.5225068142679489 2.0008396150864947 0.18127055528414898
9.907178941498303 0.4705083967626014 1.8048527583911167 0.13383047447540372
9.906924000164578 0.5281224718974536 1.4299799544953273 0.3749393861079956
9.84551247692182 0.5099944706113381 1.9198352659520557 0.17492793286010244
10.05512559823191 0.38023200894959036 1.7531247617100967 0.0301618032180415
