8.617030140597063 0.20009964962551402 1.3502645996880245 0.2076601947608924
8.901030541557514 0.2000996496255134 1.7691364976319377 0.13894157906858923
8.633030507046424 0.2000996496255136 1.4684181318897784 0.18738687321180342
9.029030421394546 0.2000996496255136 1.9989220411234812 0.05820896773445657
8.353030197698313 0.20009964962551433 1.732360065494169 0.12310147989061206
8.917030145067411 0.20009964962551327 1.9459105841662012 0.1886341523652507
9.029030421394546 0.2000996496255136 1.7926758044980196 0.15018460887610843
8.68903026374026 0.20009964962551371 1.5382716902526672 0.163570475596182
9.053030208129126 0.20009964962551346 1.8172880817148143 0.17105744228505754
9.349030120987134 0.20009964962551288 2.0028027179379286 0.13603224656494184
9.001030543047628 0.20009964962551377 2.0428414057888706 0.1274477592760073
9.293030364293298 0.20009964962551363 1.9395152291352933 0.13214007345848625
9.133030514497005 0.20009964962551346 1.8231524575537694 0.04708588412733554
8.64102992733164 0.20009964962551371 1.668798076801317 0.15420435003587046
9.23303051598712 0.2000996496255136 1.9255204420995549 0.14064883016719523
8.433030504066192 0.20009964962551324 1.502959799791459 0.06990827660035302
8.349030106085973 0.20009964962551288 1.9492092463229518 0.13685056778033602
8.565030475515567 0.20009964962551413 1.6840873722974354 0.14861867054035827
8.353030197698313 0.20009964962551433 1.3786593923227939 0.3919048355540895
9.457030305701931 0.2000996496255131 2.1237522996203833 0.039546749873531954
8.881030083495812 0.2000996496255134 1.6862069326835483 0.14498658111672336
9.14503002639456 0.2000996496255137 1.8633685258062747 0.04176099689439043
8.833030510026656 0.20009964962551371 1.9916376849899424 0.18273897957378885
9.593030368763646 0.2000996496255131 1.8709627889960372 0.04432769672154095
8.829030418414316 0.20009964962551327 1.7216714072498824 0.1592219149766194
9.169029813129141 0.20009964962551355 1.404825894933883 0.40078370457089496
8.989030268210609 0.2000996496255137 1.9848454233809876 0.1703507378385449
8.601030537087166 0.20009964962551374 1.7804942309459388 0.14287584442121815
9.153030209619242 0.20009964962551358 1.7505457869045469 0.05376176067382985
9.245030027884678 0.2000996496255136 2.1378223356816486 0.020755725180771345
8.64503001894398 0.20009964962551327 1.846742130366748 0.1741618546250306
9.277029997843936 0.20009964962551355 1.9009242041180883 0.13664459963521133
9.49303036727353 0.20009964962551402 1.9671714824447435 0.14530508858315228
8.537029834229184 0.20009964962551344 1.9589949722621558 0.17594697748355514
9.18903027119084 0.20009964962551346 1.6246824959269248 0.15369027632976684
9.225030332762442 0.20009964962551358 1.9410276246183413 0.033117131472848706
8.709029958862498 0.20009964962551388 1.4843681828628554 0.16930974797129983
9.305029876190854 0.20009964962551346 1.986598960270023 0.048626136555553194
8.857030296761234 0.20009964962551352 1.8052287987498647 0.355397449272773
8.789030265230377 0.20009964962551338 1.934200133057838 0.21200228437290153
9.073029903251363 0.2000996496255136 1.515384642326533 0.06440781753561299
9.397030457395754 0.20009964962551308 1.9031279303908897 0.13643268576681616
8.613030048984722 0.20009964962551333 1.054582648315427 0.39781964429311095
9.297030455905638 0.20009964962551355 1.8281607805739832 0.019164151167417105
8.68103008051558 0.2000996496255131 1.8383433894303747 0.1714614625274646
8.977029993373588 0.2000996496255134 1.9335362547563073 0.16365780800680946
9.057030299741465 0.20009964962551363 1.8629216374910316 0.14778929226137277
9.005029871720508 0.20009964962551366 1.9271672687111943 0.16420799996180077
8.713030050474838 0.20009964962551355 2.036754983368573 0.1724193629062067
8.95303020663901 0.2000996496255133 1.7241834841363883 0.15010046756729262
9.177029996353822 0.2000996496255134 1.613650388437488 0.046796250777491354
9.349030120987134 0.20009964962551288 2.0529330894853812 0.14745280309549116
8.713030050474838 0.20009964962551355 1.6178295880382303 0.04989948258143892
9.333030517477237 0.20009964962551352 2.0490802801746892 0.13613160528939883
9.18103008796616 0.20009964962551355 1.8442131963949249 0.02379221611994253
9.321030242640216 0.20009964962551346 2.037954403735017 0.17613477928121718
9.381030090946393 0.20009964962551272 1.7822596637954182 0.1418385651601463
8.845030021924213 0.2000996496255133 1.8076076323356989 0.13944143306766216
9.221030241150102 0.20009964962551344 1.798534153431612 0.16021921415199966
9.133030514497005 0.20009964962551346 2.009547470203535 0.3428760931478162
9.117030148047643 0.20009964962551358 2.010913729789211 0.16382342099364758
8.609029957372382 0.20009964962551408 1.5982861030593314 0.14123780513324688
9.18103008796616 0.20009964962551355 1.876823819144174 0.1536757764544231
8.6370298357193 0.2000996496255136 1.5814785343178026 0.14329730460588705
9.193030362803183 0.20009964962551358 1.582925355937604 0.38163259239242514
9.437029847640229 0.20009964962551352 2.0376810371081318 0.15252383209202677
9.797030463356219 0.20009964962551377 2.18928998228638 0.14499009609320876
9.589030277151306 0.20009964962551355 1.9106009246455604 0.022633784856847618
9.101030544537748 0.20009964962551338 1.8260470574608292 0.14987328716007836
9.089030269700723 0.20009964962551344 1.8119671552100036 0.14104912984705653
9.517030154008108 0.20009964962551416 2.003509167411887 0.14352103387817325
9.465030488926612 0.20009964962551335 1.854766231983396 0.18833547568433323
8.99703045143529 0.20009964962551352 1.988718051621891 0.17033380874635504
8.68903026374026 0.20009964962551371 1.8363343094267295 0.12917556778619413
8.965030481476031 0.20009964962551338 1.9848807657538494 0.16817459573383786
8.745030020434097 0.20009964962551313 1.5108775552131284 0.17545106126438065
8.977029993373588 0.2000996496255134 1.2458856849779922 0.42289624587420965
9.457030305701931 0.2000996496255131 1.6212395655476737 0.15384837130438966
8.361030380922994 0.20009964962551408 1.7950215247083474 0.1529200300845596
9.49303036727353 0.20009964962551402 1.7759120651273796 0.15536412840303943
9.421030244130332 0.2000996496255129 1.907397186677577 0.13369056126641285
9.117030148047643 0.20009964962551358 1.8876830405711642 0.13981738268612848
8.72103023369952 0.20009964962551322 1.417793894403175 0.1945718371301793
9.385030182558733 0.20009964962551377 1.9121820458772618 0.13819975013189428
9.49703045888587 0.20009964962551374 2.0703423687856586 0.05389108062654284
9.285030181068617 0.2000996496255134 1.8493443176798585 0.0317270323072269
8.257030287820537 0.2000996496255136 2.230213151494709 0.11328763071180457
8.64102992733164 0.20009964962551371 1.6500238208005151 0.1544601509754225
9.057030299741465 0.20009964962551363 1.7216442627636155 0.1716540642570594
8.96103038986369 0.20009964962551338 1.4573609769515548 0.1670182176833834
9.02103023816987 0.20009964962551371 1.9868089649348992 0.153852150693326
9.469029817599488 0.20009964962551402 1.9278569420013694 0.18549411821110945
8.777029990393356 0.20009964962551355 1.7158394869189153 0.14545742995563363
9.17302990474148 0.20009964962551363 2.0029262818192706 0.14888756754936308
8.549030109066205 0.20009964962551335 1.1905372579985083 0.17487712372434816
9.369029816109371 0.20009964962551333 1.8795350518658056 0.03659305239971382
9.6770300038044 0.2000996496255134 2.0364484349903673 0.04061127601688413
9.201030546027862 0.20009964962551358 1.737529856613459 0.04214518679670059
9.117030148047643 0.20009964962551358 1.824402250333058 0.1554971532859607
8.889030266720493 0.20009964962551327 1.843569803552797 0.3701689057729905
8.897030449945174 0.20009964962551333 1.753469445346182 0.15485018181469373
9.149030118006902 0.2000996496255137 1.9254712935568832 0.16210982682731162
9.72503034021302 0.20009964962551316 2.140257995297706 0.15858619898627302
9.409029969293313 0.20009964962551377 1.951064070943443 0.14965223741866418
8.277029982942775 0.20009964962551344 1.5352682060654446 0.15895625095179797
9.329030425864897 0.20009964962551346 1.9839817533942483 0.1487702178403665
9.105029873210622 0.20009964962551346 1.9985497140021111 0.16245548359272854
9.361030395824155 0.200099649625513 1.6811767538095335 0.14401182779728755
9.329030425864897 0.20009964962551346 2.0474895647549416 0.1638449696474161
9.065030482966149 0.2000996496255136 1.7860318681204344 0.1676013489520517
9.017030146557527 0.2000996496255137 1.869811660776458 0.13647393694092633
8.889030266720493 0.20009964962551327 1.7872383430019496 0.13902943402899515
9.033030513006887 0.2000996496255136 1.976715482189827 0.1750568614771754
8.593030353862485 0.20009964962551396 2.063351610695653 0.13839780463048668
9.033030513006887 0.2000996496255136 1.9340784003773173 0.03454825015753939
9.085030178088386 0.2000996496255136 1.7681147998986433 0.13641513207153222
8.417030137616832 0.20009964962551421 1.7521831800576608 0.1930549288025443
8.99303035982295 0.20009964962551366 1.7020498619217073 0.1563902519842721
8.72103023369952 0.20009964962551322 2.1829243114935704 0.028023990877005557
8.68103008051558 0.2000996496255131 1.8703795775872147 0.17228238305877017
8.321030227739055 0.20009964962551344 1.230696620599554 0.18144728282655667
8.289030257779796 0.20009964962551358 1.6320253626899373 0.1565871039802993
9.157030301231583 0.2000996496255136 2.0017433563484817 0.1232573741386133
9.545030032355026 0.20009964962551394 1.950249371722247 0.16781364248384223
8.133030499595844 0.20009964962551355 1.7539252400310563 0.1549357369266579
8.857030296761234 0.20009964962551352 1.5502761909668175 0.04410527864281245
9.013030054945185 0.20009964962551374 1.7606543676640998 0.15983678872755352
9.433030518967353 0.20009964962551288 1.9216644992582885 0.12715061267415004
8.697030446964941 0.2000996496255137 1.8622360387254397 0.13560073047784146
9.337029846150113 0.20009964962551344 2.1433215041686826 0.14098012109811336
8.737029837209416 0.2000996496255138 1.7589763677877839 0.19440251777646367
8.769029807168675 0.20009964962551352 1.8238786800638938 0.17470775793017165
9.261030394334039 0.20009964962551363 1.859697609173642 0.01372123481742704
8.873029900271131 0.20009964962551377 1.803540383291317 0.15598522955517224
8.745030020434097 0.20009964962551313 1.6706675575383163 0.04652348124266347
9.029030421394546 0.2000996496255136 1.6963417951569184 0.14680855439030546
8.853030205148894 0.2000996496255137 1.89944945064113 0.14758001475263738
9.273029906231596 0.20009964962551346 1.8210121989700838 0.14381408970819817
9.25303021110936 0.20009964962551363 1.8722857825453292 0.1566636892997755
8.95303020663901 0.2000996496255133 2.0911806405570976 0.16122999650072586
9.133030514497005 0.20009964962551346 1.9617683839308215 0.16048400880007657
9.305029876190854 0.20009964962551346 1.7847044279315234 0.13413123778177344
8.829030418414316 0.20009964962551327 2.000974519627884 0.025066664580925494
8.125030316371163 0.2000996496255134 1.42185882487674 0.17398027638991168
9.02503032978221 0.20009964962551344 1.7534113794635497 0.14607560083074286
9.285030181068617 0.2000996496255134 1.9663001228030714 0.15455725900021924
9.477030000824168 0.20009964962551322 2.097268687311099 0.12446135608522774
8.849030113536553 0.20009964962551335 1.3555285947819622 0.39421307068365924
9.089030269700723 0.20009964962551344 1.9621008071132466 0.17214756784167629
9.141029934782221 0.2000996496255134 1.928125307445421 0.15755651837261644
9.169029813129141 0.20009964962551355 1.7190449022846286 0.05396507076494627
9.329030425864897 0.20009964962551346 1.489727842179434 0.1683153836663945
9.02103023816987 0.20009964962551371 1.6073557449463276 0.1501215626409087
9.969029825050068 0.20009964962551335 2.190994345112522 0.12597157638370274
8.769029807168675 0.20009964962551352 1.9105089142898541 0.14284745437562957
8.893030358332833 0.2000996496255138 1.888187267132067 0.1639608445820298
8.921030236679751 0.2000996496255136 1.8768523187330397 0.15293037144842328
9.605029880661203 0.20009964962551385 1.8933655094358561 0.1383267176169833
9.49703045888587 0.20009964962551374 1.9807543963730965 0.129684299517813
9.75703031017228 0.2000996496255136 1.9009901704465828 0.15235053496523587
9.481030092436509 0.2000996496255132 2.0053888246437213 0.12318215414896966
9.153030209619242 0.20009964962551358 1.5341910814257695 0.16111708806801686
9.14503002639456 0.2000996496255137 1.9397749192288658 0.1564711548920007
9.361030395824155 0.200099649625513 1.9410540907189306 0.13937283667280015
9.589030277151306 0.20009964962551355 1.9087998548845784 0.13163294877794815
9.18903027119084 0.20009964962551346 1.6502298502026531 0.029471020188899532
9.353030212599474 0.20009964962551305 1.9729157544132354 0.17196972538916558
9.125030331272326 0.20009964962551363 1.724680595403444 0.14020172823251326
9.245030027884678 0.2000996496255136 2.0756966413020894 0.15779367882540948
8.68103008051558 0.2000996496255131 1.8726085076580505 0.039263740067926545
9.645030033845142 0.2000996496255132 1.8994481850774083 0.16804725996359487
8.757030295271118 0.20009964962551371 1.8861647150496206 0.17125602671807647
9.417030152517993 0.20009964962551405 1.7145339522361438 0.1747851135585082
9.205029874700738 0.20009964962551355 1.951547201407298 0.18223330409256805
9.341029937762453 0.20009964962551377 1.8762002136626186 0.16159915979522815
8.761030386883458 0.20009964962551385 1.6574693535909797 0.15513924220368822
9.365030487436496 0.20009964962551405 2.1127849891873893 0.1296170595948609
9.481030092436509 0.2000996496255132 1.761566070606327 0.16427533020666263
8.449030107576089 0.20009964962551288 1.8066842818909503 0.021509260029891345
8.16103037794276 0.20009964962551338 1.63288921824644 0.16216828523884033
8.777029990393356 0.20009964962551355 1.7962414411759962 0.13472919063368047
9.72503034021302 0.20009964962551316 1.9543649539447536 0.12781674674701207
9.465030488926612 0.20009964962551335 1.8780100328409213 0.031070942396977125
9.361030395824155 0.200099649625513 1.654783197010816 0.2558368262211383
9.849030128437715 0.20009964962551358 2.0568124681915556 0.15338151799563077
9.72103024860068 0.20009964962551322 1.673828419761384 0.1464122653782321
9.457030305701931 0.2000996496255131 2.1078022193611066 0.1552342770378297
8.857030296761234 0.20009964962551352 1.5966196524953136 0.18266152582411385
8.45303019918843 0.20009964962551327 1.6687161102221766 0.1537028078393691
9.133030514497005 0.20009964962551346 1.9145650377568073 0.16479288079783042
9.22903042437478 0.20009964962551344 2.0433517437094006 0.15132996661875597
9.357030304211815 0.20009964962551438 1.7751591539791296 0.13602836745071054
9.033030513006887 0.2000996496255136 1.7610817482065348 0.1390467512534964
8.989030268210609 0.2000996496255137 1.81031659328693 0.14490025091387349
7.925030313390931 0.2000996496255137 1.7171800999920424 0.17120006085847558
9.045030024904444 0.2000996496255137 1.9635218419281337 0.16336496698283356
9.473029909211828 0.20009964962551302 1.9749742906569359 0.14494807565046772
8.985030176598269 0.20009964962551346 1.9074194637660087 0.05439338415054795
8.785030173618036 0.20009964962551346 1.645287941204676 0.14370540884657224
9.02503032978221 0.20009964962551344 1.5025139993763112 0.16186556992474782
9.18903027119084 0.20009964962551346 1.9981991729744584 0.16974417063366715
9.577030002314284 0.2000996496255131 1.6662180816691006 0.17469297185397248
8.989030268210609 0.2000996496255137 1.8847145293054977 0.18450106475847147
8.221030226248939 0.2000996496255136 1.484572342949445 0.18797553682013052
9.517030154008108 0.20009964962551416 2.1214233500480693 0.14596703168478353
8.809029960352614 0.20009964962551344 1.8006343614086555 0.16317211398689788
9.117030148047643 0.20009964962551358 1.7570773281062102 0.15549629070318002
8.425030320841511 0.20009964962551402 1.9169061317156426 0.16108837786506894
9.193030362803183 0.20009964962551358 1.7972888684182045 0.14884397648798806
9.005029871720508 0.20009964962551366 1.6751035860298205 0.13920104231847352
9.521030245620448 0.20009964962551305 1.7506038292455888 0.12983463169703965
8.99703045143529 0.20009964962551352 1.6368008810966541 0.1490643787871957
8.22903040947362 0.20009964962551344 1.6626528513223848 0.2751184793063705
9.209029966313079 0.20009964962551363 1.866347486538593 0.1370277316800686
8.781030082005696 0.20009964962551358 2.0582362746185328 0.1440990787613954
9.02503032978221 0.20009964962551344 2.033313048109156 0.16459964147032188
8.173029889840318 0.20009964962551355 1.8005063603290115 0.17254647270766119
8.233030501085961 0.20009964962551355 1.617046075745723 0.14922544307258642
8.889030266720493 0.20009964962551327 1.931000504168942 0.13720934880126892
8.593030353862485 0.20009964962551396 1.9915068071487556 0.16041384015862128
8.573029895800783 0.20009964962551394 1.8466913459325838 0.14886522688944842
8.805029868740274 0.2000996496255138 1.4048631529814635 0.0722542617174382
9.117030148047643 0.20009964962551358 1.9146456963222693 0.15944881325286256
9.517030154008108 0.20009964962551416 1.9672171034067383 0.15457567934773253
9.281030089456276 0.20009964962551338 1.4967258066910385 0.3955405301486631
9.109029964822962 0.20009964962551335 1.5615689697558384 0.4000601437115919
8.67702998890324 0.2000996496255135 1.6489790226911485 0.1337418642438118
8.865030479985915 0.20009964962551366 1.8218169853515216 0.16802749203633577
9.245030027884678 0.2000996496255136 2.0232607693752556 0.17566114554378376
9.077029994863704 0.20009964962551335 1.9869847783261791 0.16406535583736678
9.385030182558733 0.20009964962551377 1.8211340048727425 0.14237666211002586
9.293030364293298 0.20009964962551363 2.0797820703929992 0.14170661551614722
9.065030482966149 0.2000996496255136 1.9138303011001303 0.1379120074684792
9.461030397314271 0.20009964962551333 1.9466031773357766 0.1616444127313423
9.041029933292105 0.20009964962551358 2.107083571969578 0.03213633572992236
9.685030187029081 0.20009964962551322 2.111866567665851 0.14800249028338283
8.581030079025464 0.20009964962551294 1.5912249886585037 0.3694726569633457
8.693030355352601 0.2000996496255132 1.7382220997461935 0.1360616874670685
8.781030082005696 0.20009964962551358 1.8654668237334602 0.13734155496138428
8.697030446964941 0.2000996496255137 1.813056610845837 0.14559915867826562
8.941029931801989 0.20009964962551374 1.6456854766720317 0.13935624963128496
9.049030116516787 0.20009964962551352 1.6477308162210687 0.14735674494380493
9.069029811639023 0.2000996496255134 1.865827949371955 0.13316100962030802
8.893030358332833 0.2000996496255138 1.941297241213158 0.15400845036144797
8.977029993373588 0.2000996496255134 1.9781987600551658 0.16654045820439048
8.977029993373588 0.2000996496255134 2.0008396150864947 0.18127055528414898
9.197030454415522 0.20009964962551363 1.8048527583911167 0.13383047447540372
8.901030541557514 0.2000996496255134 1.4299799544953273 0.3749393861079956
9.013030054945185 0.20009964962551374 1.9198352659520557 0.17492793286010244
8.825030326801976 0.20009964962551327 1.7531247617100967 0.0301618032180415
