9.617030140597063 0.20009964962551405 1.6926872805102307 0.2076601947608924
9.901030541557514 0.20009964962551338 2.111559178454144 0.13894157906858925
9.633030507046424 0.2000996496255136 1.8108408127119846 0.18738687321180342
10.029030421394546 0.2000996496255136 2.3413447219456875 0.058208967734456565
9.353030197698313 0.2000996496255143 2.0747827463163753 0.12310147989061204
9.917030145067411 0.20009964962551327 2.2883332649884074 0.18863415236525072
10.029030421394546 0.2000996496255136 2.1350984853202255 0.15018460887610846
9.68903026374026 0.2000996496255137 1.8806943710748736 0.16357047559618204
10.053030208129126 0.2000996496255135 2.1597107625370207 0.1710574422850575
10.349030120987134 0.20009964962551285 2.345225398760135 0.1360322465649418
10.001030543047628 0.20009964962551377 2.385264086611077 0.1274477592760073
10.293030364293298 0.20009964962551363 2.2819379099574997 0.13214007345848625
10.133030514497005 0.2000996496255134 2.1655751383759756 0.047085884127335546
9.64102992733164 0.20009964962551374 2.0112207576235233 0.15420435003587044
10.23303051598712 0.20009964962551358 2.267943122921761 0.14064883016719523
9.433030504066192 0.20009964962551324 1.8453824806136652 0.06990827660035301
9.349030106085973 0.2000996496255129 2.291631927145158 0.136850567780336
9.565030475515567 0.20009964962551413 2.0265100531196416 0.14861867054035827
9.353030197698313 0.2000996496255143 1.721082073145 0.3919048355540895
10.457030305701931 0.2000996496255131 2.46617498044259 0.039546749873531954
9.881030083495812 0.20009964962551344 2.0286296135057547 0.14498658111672336
10.14503002639456 0.2000996496255137 2.2057912066284806 0.04176099689439043
9.833030510026656 0.20009964962551374 2.3340603658121486 0.18273897957378885
10.593030368763646 0.20009964962551313 2.2133854698182436 0.044327696721540945
9.829030418414316 0.20009964962551327 2.0640940880720886 0.15922191497661942
10.169029813129141 0.20009964962551355 1.7472485757560894 0.40078370457089496
9.989030268210609 0.2000996496255137 2.3272681042031937 0.1703507378385449
9.601030537087166 0.20009964962551377 2.122916911768145 0.14287584442121815
10.153030209619242 0.2000996496255136 2.0929684677267533 0.053761760673829845
10.245030027884678 0.20009964962551358 2.4802450165038548 0.02075572518077135
9.64503001894398 0.2000996496255133 2.189164811188954 0.1741618546250306
10.277029997843936 0.20009964962551355 2.2433468849402947 0.13664459963521133
10.49303036727353 0.200099649625514 2.30959416326695 0.14530508858315225
9.537029834229184 0.20009964962551344 2.301417653084362 0.17594697748355514
10.189030271190841 0.20009964962551346 1.967105176749131 0.15369027632976684
10.225030332762442 0.20009964962551358 2.2834503054405477 0.033117131472848706
9.709029958862498 0.20009964962551385 1.8267908636850616 0.16930974797129983
10.305029876190854 0.20009964962551346 2.329021641092229 0.048626136555553194
9.857030296761234 0.2000996496255135 2.147651479572071 0.355397449272773
9.789030265230377 0.20009964962551338 2.2766228138800444 0.2120022843729015
10.073029903251363 0.20009964962551366 1.8578073231487393 0.06440781753561299
10.397030457395754 0.2000996496255131 2.245550611213096 0.13643268576681622
9.613030048984722 0.2000996496255133 1.3970053291376332 0.3978196442931109
10.297030455905638 0.20009964962551355 2.1705834613961894 0.019164151167417105
9.68103008051558 0.20009964962551305 2.180766070252581 0.1714614625274646
9.977029993373588 0.2000996496255134 2.2759589355785135 0.16365780800680946
10.057030299741465 0.20009964962551363 2.2053443183132377 0.14778929226137277
10.005029871720508 0.20009964962551366 2.2695899495334007 0.16420799996180077
9.713030050474838 0.20009964962551358 2.379177664190779 0.17241936290620674
9.95303020663901 0.20009964962551327 2.0666061649585945 0.15010046756729262
10.177029996353822 0.2000996496255134 1.9560730692596944 0.04679625077749135
10.349030120987134 0.20009964962551285 2.3953557703075874 0.14745280309549116
9.713030050474838 0.20009964962551358 1.9602522688604365 0.04989948258143893
10.333030517477237 0.20009964962551352 2.391502960996896 0.13613160528939883
10.18103008796616 0.20009964962551358 2.1866358772171313 0.023792216119942526
10.321030242640216 0.20009964962551346 2.380377084557223 0.17613477928121718
10.381030090946393 0.20009964962551272 2.1246823446176246 0.1418385651601463
9.845030021924213 0.2000996496255133 2.150030313157905 0.13944143306766216
10.221030241150102 0.20009964962551346 2.140956834253818 0.16021921415199966
10.133030514497005 0.2000996496255134 2.3519701510257414 0.3428760931478162
10.117030148047643 0.20009964962551358 2.353336410611417 0.1638234209936476
9.609029957372382 0.20009964962551405 1.9407087838815378 0.14123780513324685
10.18103008796616 0.20009964962551358 2.2192464999663803 0.1536757764544231
9.6370298357193 0.2000996496255136 1.9239012151400088 0.14329730460588705
10.193030362803183 0.2000996496255136 1.9253480367598101 0.3816325923924252
10.437029847640229 0.20009964962551355 2.380103717930338 0.15252383209202677
10.797030463356219 0.20009964962551377 2.531712663108586 0.14499009609320876
10.589030277151306 0.20009964962551358 2.253023605467767 0.02263378485684762
10.101030544537748 0.20009964962551338 2.1684697382830356 0.14987328716007833
10.089030269700723 0.20009964962551344 2.15438983603221 0.1410491298470565
10.517030154008108 0.20009964962551416 2.3459318482340934 0.14352103387817325
10.465030488926612 0.20009964962551335 2.1971889128056024 0.1883354756843332
9.99703045143529 0.2000996496255135 2.3311407324440974 0.17033380874635504
9.68903026374026 0.2000996496255137 2.1787569902489357 0.12917556778619413
9.965030481476031 0.20009964962551338 2.327303446576056 0.16817459573383786
9.745030020434097 0.20009964962551316 1.8533002360353348 0.17545106126438065
9.977029993373588 0.2000996496255134 1.5883083658001986 0.42289624587420965
10.457030305701931 0.2000996496255131 1.9636622463698798 0.15384837130438964
9.361030380922994 0.20009964962551408 2.137444205530554 0.15292003008455962
10.49303036727353 0.200099649625514 2.118334745949586 0.15536412840303945
10.421030244130332 0.2000996496255129 2.249819867499783 0.13369056126641285
10.117030148047643 0.20009964962551358 2.2301057213933704 0.1398173826861285
9.72103023369952 0.20009964962551322 1.760216575225381 0.1945718371301793
10.385030182558733 0.2000996496255138 2.2546047266994678 0.13819975013189428
10.49703045888587 0.20009964962551374 2.4127650496078648 0.05389108062654284
10.285030181068617 0.2000996496255134 2.191766998502065 0.0317270323072269
9.257030287820537 0.20009964962551358 2.572635832316915 0.11328763071180457
9.64102992733164 0.20009964962551374 1.9924465016227213 0.1544601509754225
10.057030299741465 0.20009964962551363 2.064066943585822 0.1716540642570594
9.96103038986369 0.2000996496255134 1.799783657773761 0.1670182176833834
10.02103023816987 0.20009964962551371 2.3292316457571056 0.153852150693326
10.469029817599488 0.20009964962551402 2.2702796228235758 0.18549411821110945
9.777029990393356 0.20009964962551355 2.0582621677411215 0.14545742995563365
10.17302990474148 0.20009964962551363 2.3453489626414767 0.1488875675493631
9.549030109066205 0.2000996496255134 1.5329599388207145 0.17487712372434813
10.369029816109371 0.20009964962551338 2.2219577326880118 0.03659305239971382
10.6770300038044 0.2000996496255134 2.3788711158125735 0.04061127601688413
10.201030546027862 0.20009964962551355 2.0799525374356653 0.042145186796700596
10.117030148047643 0.20009964962551358 2.166824931155264 0.1554971532859607
9.889030266720493 0.20009964962551327 2.1859924843750034 0.37016890577299044
9.897030449945174 0.2000996496255133 2.0958921261683883 0.1548501818146937
10.149030118006902 0.20009964962551366 2.2678939743790894 0.16210982682731162
10.72503034021302 0.2000996496255132 2.4826806761199123 0.15858619898627305
10.409029969293313 0.20009964962551377 2.2934867517656494 0.14965223741866418
9.277029982942775 0.2000996496255134 1.8776908868876507 0.15895625095179797
10.329030425864897 0.20009964962551346 2.3264044342164545 0.1487702178403665
10.105029873210622 0.20009964962551346 2.3409723948243175 0.16245548359272854
10.361030395824155 0.20009964962551297 2.02359943463174 0.14401182779728755
10.329030425864897 0.20009964962551346 2.3899122455771478 0.1638449696474161
10.065030482966149 0.20009964962551363 2.1284545489426407 0.16760134895205173
10.017030146557527 0.20009964962551366 2.2122343415986645 0.1364739369409263
9.889030266720493 0.20009964962551327 2.129661023824156 0.13902943402899515
10.033030513006887 0.2000996496255136 2.3191381630120333 0.17505686147717542
9.593030353862485 0.20009964962551396 2.4057742915178593 0.13839780463048665
10.033030513006887 0.2000996496255136 2.2765010811995237 0.03454825015753938
10.085030178088386 0.20009964962551358 2.1105374807208492 0.1364151320715322
9.417030137616832 0.2000996496255142 2.094605860879867 0.19305492880254424
9.99303035982295 0.20009964962551366 2.0444725427439137 0.1563902519842721
9.72103023369952 0.20009964962551322 2.5253469923157765 0.02802399087700556
9.68103008051558 0.20009964962551305 2.212802258409421 0.17228238305877014
9.321030227739055 0.20009964962551346 1.5731193014217602 0.1814472828265567
9.289030257779796 0.20009964962551355 1.9744480435121436 0.15658710398029932
10.157030301231583 0.20009964962551363 2.344166037170688 0.1232573741386133
10.545030032355026 0.20009964962551394 2.2926720525444533 0.16781364248384223
9.133030499595844 0.20009964962551352 2.0963479208532623 0.15493573692665794
9.857030296761234 0.2000996496255135 1.8926988717890236 0.04410527864281246
10.013030054945185 0.20009964962551371 2.103077048486306 0.15983678872755352
10.433030518967353 0.20009964962551288 2.264087180080495 0.12715061267415004
9.697030446964941 0.2000996496255137 2.204658719547646 0.13560073047784146
10.337029846150113 0.20009964962551346 2.4857441849908892 0.14098012109811336
9.737029837209416 0.2000996496255138 2.10139904860999 0.19440251777646367
9.769029807168675 0.20009964962551355 2.1663013608861 0.17470775793017168
10.261030394334039 0.2000996496255136 2.202120289995848 0.013721234817427038
9.873029900271131 0.20009964962551374 2.145963064113523 0.15598522955517227
9.745030020434097 0.20009964962551316 2.0130902383605225 0.046523481242663464
10.029030421394546 0.2000996496255136 2.0387644759791246 0.14680855439030546
9.853030205148894 0.2000996496255137 2.241872131463336 0.14758001475263738
10.273029906231596 0.2000996496255135 2.16343487979229 0.14381408970819817
10.25303021110936 0.2000996496255136 2.2147084633675354 0.1566636892997755
9.95303020663901 0.20009964962551327 2.433603321379304 0.16122999650072586
10.133030514497005 0.2000996496255134 2.3041910647530277 0.16048400880007657
10.305029876190854 0.20009964962551346 2.12712710875373 0.13413123778177347
9.829030418414316 0.20009964962551327 2.3433972004500903 0.025066664580925494
9.125030316371163 0.20009964962551344 1.7642815056989463 0.17398027638991168
10.02503032978221 0.20009964962551344 2.095834060285756 0.1460756008307429
10.285030181068617 0.2000996496255134 2.308722803625278 0.15455725900021927
10.477030000824168 0.20009964962551322 2.439691368133305 0.12446135608522775
9.849030113536553 0.20009964962551338 1.6979512756041684 0.39421307068365924
10.089030269700723 0.20009964962551344 2.304523487935453 0.1721475678416763
10.141029934782221 0.2000996496255134 2.2705479882676274 0.15755651837261642
10.169029813129141 0.20009964962551355 2.0614675831068348 0.05396507076494627
10.329030425864897 0.20009964962551346 1.8321505230016404 0.16831538366639454
10.02103023816987 0.20009964962551371 1.949778425768534 0.1501215626409087
10.969029825050068 0.20009964962551335 2.533417025934728 0.12597157638370277
9.769029807168675 0.20009964962551355 2.2529315951120603 0.14284745437562954
9.893030358332833 0.20009964962551377 2.230609947954273 0.1639608445820298
9.921030236679751 0.20009964962551363 2.219274999555246 0.15293037144842328
10.605029880661203 0.20009964962551385 2.2357881902580625 0.1383267176169833
10.49703045888587 0.20009964962551374 2.323177077195303 0.129684299517813
10.75703031017228 0.2000996496255136 2.243412851268789 0.15235053496523587
10.481030092436509 0.2000996496255132 2.3478115054659274 0.12318215414896966
10.153030209619242 0.2000996496255136 1.8766137622479757 0.16111708806801686
10.14503002639456 0.2000996496255137 2.282197600051072 0.1564711548920007
10.361030395824155 0.20009964962551297 2.283476771541137 0.13937283667280015
10.589030277151306 0.20009964962551358 2.2512225357067845 0.13163294877794815
10.189030271190841 0.20009964962551346 1.9926525310248593 0.029471020188899532
10.353030212599474 0.20009964962551302 2.3153384352354416 0.17196972538916558
10.125030331272326 0.2000996496255136 2.0671032762256503 0.14020172823251326
10.245030027884678 0.20009964962551358 2.4181193221242956 0.15779367882540948
9.68103008051558 0.20009964962551305 2.215031188480257 0.03926374006792654
10.645030033845142 0.2000996496255132 2.2418708658996147 0.16804725996359487
9.757030295271118 0.20009964962551371 2.228587395871827 0.17125602671807647
10.417030152517992 0.20009964962551408 2.05695663305835 0.17478511355850823
10.205029874700738 0.20009964962551355 2.2939698822295043 0.18223330409256808
10.341029937762453 0.20009964962551377 2.2186228944848247 0.1615991597952282
9.761030386883458 0.20009964962551383 1.999892034413186 0.15513924220368822
10.365030487436496 0.20009964962551405 2.4552076700095955 0.1296170595948609
10.481030092436509 0.2000996496255132 2.1039887514285334 0.16427533020666266
9.449030107576089 0.2000996496255129 2.1491069627131565 0.02150926002989135
9.16103037794276 0.20009964962551335 1.9753118990686465 0.16216828523884033
9.777029990393356 0.20009964962551355 2.1386641219982025 0.1347291906336805
10.72503034021302 0.2000996496255132 2.29678763476696 0.12781674674701207
10.465030488926612 0.20009964962551335 2.2204327136631274 0.03107094239697713
10.361030395824155 0.20009964962551297 1.9972058778330224 0.2558368262211383
10.849030128437715 0.20009964962551352 2.3992351490137622 0.15338151799563077
10.72103024860068 0.20009964962551322 2.0162511005835904 0.1464122653782321
10.457030305701931 0.2000996496255131 2.4502249001833127 0.15523427703782972
9.857030296761234 0.2000996496255135 1.9390423333175197 0.18266152582411388
9.45303019918843 0.20009964962551327 2.0111387910443828 0.1537028078393691
10.133030514497005 0.2000996496255134 2.2569877185790137 0.1647928807978304
10.22903042437478 0.20009964962551344 2.3857744245316073 0.15132996661875597
10.357030304211815 0.20009964962551438 2.117581834801336 0.13602836745071054
10.033030513006887 0.2000996496255136 2.103504429028741 0.13904675125349641
9.989030268210609 0.2000996496255137 2.1527392741091362 0.14490025091387349
8.92503031339093 0.2000996496255137 2.0596027808142487 0.17120006085847558
10.045030024904444 0.2000996496255137 2.30594452275034 0.16336496698283354
10.473029909211828 0.200099649625513 2.317396971479142 0.14494807565046772
9.985030176598269 0.2000996496255135 2.249842144588215 0.054393384150547966
9.785030173618036 0.20009964962551346 1.987710622026882 0.14370540884657224
10.02503032978221 0.20009964962551344 1.8449366801985174 0.1618655699247478
10.189030271190841 0.20009964962551346 2.3406218537966645 0.16974417063366715
10.577030002314284 0.20009964962551308 2.0086407624913067 0.17469297185397245
9.989030268210609 0.2000996496255137 2.227137210127704 0.18450106475847147
9.221030226248939 0.20009964962551355 1.8269950237716515 0.18797553682013052
10.517030154008108 0.20009964962551416 2.4638460308702754 0.14596703168478353
9.809029960352614 0.20009964962551344 2.1430570422308617 0.16317211398689785
10.117030148047643 0.20009964962551358 2.099500008928416 0.15549629070318002
9.425030320841511 0.20009964962551405 2.259328812537849 0.16108837786506894
10.193030362803183 0.2000996496255136 2.1397115492404106 0.14884397648798806
10.005029871720508 0.20009964962551366 2.017526266852027 0.13920104231847355
10.521030245620448 0.20009964962551308 2.093026510067795 0.12983463169703968
9.99703045143529 0.2000996496255135 1.9792235619188603 0.1490643787871957
9.22903040947362 0.20009964962551344 2.005075532144591 0.2751184793063705
10.209029966313079 0.2000996496255136 2.2087701673607993 0.13702773168006863
9.781030082005696 0.20009964962551352 2.400658955440739 0.1440990787613954
10.02503032978221 0.20009964962551344 2.3757357289313625 0.16459964147032186
9.173029889840318 0.20009964962551352 2.1429290411512176 0.17254647270766119
9.233030501085961 0.20009964962551355 1.9594687565679294 0.14922544307258642
9.889030266720493 0.20009964962551327 2.2734231849911484 0.13720934880126892
9.593030353862485 0.20009964962551396 2.333929487970962 0.16041384015862128
9.573029895800783 0.2000996496255139 2.18911402675479 0.1488652268894484
9.805029868740274 0.20009964962551383 1.7472858338036696 0.07225426171743819
10.117030148047643 0.20009964962551358 2.2570683771444755 0.15944881325286256
10.517030154008108 0.20009964962551416 2.3096397842289447 0.15457567934773253
10.281030089456276 0.20009964962551338 1.8391484875132447 0.3955405301486631
10.109029964822962 0.20009964962551338 1.9039916505780445 0.40006014371159193
9.67702998890324 0.20009964962551346 1.9914017035133547 0.1337418642438118
9.865030479985915 0.20009964962551363 2.164239666173728 0.16802749203633574
10.245030027884678 0.20009964962551358 2.3656834501974617 0.17566114554378373
10.077029994863704 0.20009964962551338 2.3294074591483853 0.16406535583736678
10.385030182558733 0.2000996496255138 2.1635566856949486 0.1423766621100259
10.293030364293298 0.20009964962551363 2.422204751215206 0.14170661551614724
10.065030482966149 0.20009964962551363 2.2562529819223367 0.1379120074684792
10.461030397314271 0.20009964962551333 2.289025858157983 0.16164441273134228
10.041029933292105 0.20009964962551358 2.4495062527917844 0.03213633572992236
10.685030187029081 0.20009964962551324 2.454289248488057 0.14800249028338286
9.581030079025464 0.2000996496255129 1.93364766948071 0.36947265696334575
9.693030355352601 0.20009964962551324 2.0806447805683996 0.1360616874670685
9.781030082005696 0.20009964962551352 2.2078895045556663 0.13734155496138428
9.697030446964941 0.2000996496255137 2.155479291668043 0.14559915867826564
9.941029931801989 0.20009964962551374 1.9881081574942379 0.13935624963128493
10.049030116516787 0.20009964962551355 1.990153497043275 0.14735674494380493
10.069029811639023 0.20009964962551338 2.2082506301941613 0.13316100962030802
9.893030358332833 0.20009964962551377 2.283719922035364 0.15400845036144797
9.977029993373588 0.2000996496255134 2.320621440877372 0.1665404582043905
9.977029993373588 0.2000996496255134 2.343262295908701 0.18127055528414898
10.197030454415522 0.20009964962551363 2.147275439213323 0.13383047447540372
9.901030541557514 0.20009964962551338 1.7724026353175335 0.37493938610799565
10.013030054945185 0.20009964962551371 2.262257946774262 0.17492793286010241
9.825030326801976 0.20009964962551322 2.095547442532303 0.0301618032180415
