11.058237684175031 0.313502939970441 1.766025053753887 0.17284406616380196
10.979132743445948 0.4438593552523296 2.2084622285911655 0.0214590413659644
10.969056117189277 0.38567955468139137 2.0347895135543053 0.05942318875442075
10.861069689645761 0.6087482388056532 2.3329965907549064 0.04348301827902225
11.017824662490789 0.2987394602324652 2.0603304809881204 0.03742855902892989
10.99758579177952 0.4175389066845363 2.217652101799775 0.04929693365685801
10.762775125884668 0.7503272863238254 1.945382239676165 0.0421016712961692
10.97347478117254 0.3997139864356867 1.8969571731395618 0.13871338095745012
10.922076127125722 0.5362903236166433 2.2820347538586647 0.02639120520130031
10.910626760947766 0.645360196919298 2.3225002353793265 0.03778484852595211
11.108926484909215 0.35347075503853986 2.4006810267075362 0.1095121795523758
10.968223777543644 0.5421335045323423 2.336037779853521 0.026793125003229144
10.737633795528133 0.8335605791713621 2.204290600406014 0.04571193408741696
10.919834449978929 0.4345290327994119 2.02142697758957 0.13152055844251345
10.843905451076417 0.7060417801794382 2.382333546072366 0.10432975002739202
11.024655718626121 0.3074962191923886 2.1967503701051356 0.0412204422708944
11.303472323858065 0.16103856066294098 2.299768443651576 0.11449801403201085
11.104800082482402 0.2710572468945301 2.070695563824316 0.03753653091747055
10.967765483759443 0.29725324014793486 1.5977176976446072 0.2826123701090558
10.819223196177106 0.7614126563298105 2.511967598398544 0.04886401221517603
10.907945214812129 0.43701965353493216 1.999698428295006 0.04809084588412503
10.77299304885277 0.6748739848834922 2.3750767978027696 0.035095870194832714
11.008774143246326 0.3780609237161398 2.286048336181023 0.14651133165969932
10.946186031305656 0.558384707964851 2.276129745067233 0.03646539154215771
10.972396971279567 0.37204980751139183 2.021547923164925 0.05798970507800189
10.962751570231791 0.4464953936510653 2.3659725116152535 0.25498666768198075
11.045488027401602 0.35224029911924964 2.2938712523865945 0.06197603308453947
10.952549234085545 0.395943392307391 1.973119811917742 0.05636475193033326
10.881261951058818 0.5091449679872998 2.0882157620810995 0.04382448034462129
10.807644736523109 0.6917064538451847 2.4773397329360147 0.023414178676862553
11.09607788095848 0.24422063848065836 2.178495080033387 0.0485789718702759
11.142106409824908 0.3787149467992563 2.2977858803693603 0.024154401235679364
10.817738960912395 0.6907412743656288 2.2153948362884233 0.032838483320397634
11.148308537873493 0.24970744218703453 2.2658223492987166 0.15789539674547026
11.08127277560345 0.332131162976666 1.9304219221574934 0.13835816444643423
10.822075101793144 0.6647033525231406 2.3205141367932707 0.03152778541772944
10.791308297121338 0.5465709796590443 2.0486042441559973 0.05902454519034229
10.784072155757055 0.7522818569445043 2.3040648322937245 0.03863407044526467
10.823207760375361 0.5537325764307776 2.0456227282588366 0.23914080564641904
11.080567220934277 0.3266252184876626 2.253713042855393 0.15759244525436614
10.834803231365425 0.5441446478186402 2.380044652809627 0.05546675940265808
10.840177970150911 0.7483717990525555 2.489061214696164 0.04424295896516362
11.18084711445038 0.223207742865189 1.8205775663595118 0.2745161847741911
10.800238496053865 0.6514550301603703 2.1974668641864388 0.037693922081612576
11.007228205235075 0.31778070826631033 2.186137084565293 0.0534248035828359
11.061073778162235 0.33633251081473087 2.2564049933848582 0.03970499944339505
10.883156997256027 0.518263832487662 2.2770327064812697 0.05375899196893595
10.77308950551851 0.634982725416935 2.228983067868486 0.06416280832549126
11.308838750454333 0.1949723247422351 2.365959653131296 0.14950572526310424
10.882497775308492 0.4397961661971087 2.0750920322544313 0.0350647367038065
10.82746522060293 0.6067494426556049 2.1620450333605477 0.023379662010305485
10.98889440811413 0.5121577116007027 2.3726916483277303 0.04219320954337886
10.879938532026378 0.43103213938139706 2.034385483061959 0.04068761296559637
11.013561043843252 0.4719546409140611 2.4097168582706026 0.035559886059588104
10.968777681417436 0.49808762071843277 2.1061857807236017 0.03264958555579811
10.888909186426481 0.5784232585939163 2.334389754340505 0.06823560041714148
11.011072532517213 0.4593581253028239 2.2538860858626855 0.025705742754707165
10.949667824335679 0.39337691794427093 2.168359167822874 0.03655198867429654
10.846519810510719 0.599003057079834 2.156115056451445 0.047369215118692166
10.827199062448805 0.7342218541824865 2.36171217912826 0.3211032528591027
10.838702353339228 0.5749815552658588 2.2187666105583808 0.08520230044021386
10.981849442924124 0.34398896595874706 1.9525061670584851 0.03593442931519426
10.931551854027177 0.5003153746084018 2.1953137970990593 0.03709678621894758
10.916006859126023 0.3553628660079979 1.9171344970084292 0.12445716185731193
10.815006731887992 0.727604675811209 1.8399003186860032 0.2887636496317523
10.909177319119049 0.6765357949988319 2.3733492967295473 0.038879197773955834
11.0684215110742 0.4721234283520015 2.5298464128905964 0.03509976092284314
10.908146382357526 0.5698031475025859 2.197904498524342 0.022710080130886184
10.830704035873381 0.5188712445994647 2.135028830631091 0.13494559562726544
10.750965729275284 0.720944161295761 2.2221995713586895 0.03214413864352064
10.897011831329197 0.6975009794657197 2.404981110414122 0.0301536291769847
10.917396460182168 0.5423702367382577 2.28259744397632 0.1370332651525007
11.00734294198328 0.3571286513258303 2.2603509393804844 0.06416108919614219
11.07203522835553 0.33935662113040177 2.1787569902489357 0.10746475580182593
10.8977897035879 0.5412659502855168 2.2532872381445896 0.06370785506751507
10.871022097326838 0.5323270166201234 2.0635810006162467 0.1286742790950117
10.766096884972555 0.7458842259019732 1.5977124830272038 0.4153202863944124
10.798738697540182 0.8915819497741058 1.919465547649956 0.04167452810420299
11.14409925037274 0.21971340694448305 2.1078441521180222 0.1490813492821041
10.857507061042469 0.7776623428360356 2.2069468273232387 0.03864908706581044
11.052972437347155 0.3965692549613049 2.3064538042446063 0.0335667833591467
10.861515336614232 0.6536046182206436 2.1049013319786636 0.030562626032726498
10.826868260723005 0.4407454147879703 1.8147905738888739 0.07081395735981048
10.796015966791387 0.8898560448319898 2.380226924069763 0.02784589904704598
10.802224311929095 0.6923615396650021 2.3941243226426736 0.02848086556120752
10.865579766763878 0.5450042132655459 2.2018697314434585 0.025977959768289885
11.047373603932467 0.23645877789417535 2.5518875501082157 0.00803283969295826
10.927512283648541 0.4311521635592037 2.1142046224562825 0.043311048009842056
10.812907497275901 0.6318833672842953 2.1595985378150675 0.047286368438268944
10.704227014908314 0.8072564405317381 2.1444131513787617 0.12964843833289638
10.934561513477176 0.5137990892411827 2.3353020726237297 0.046247590638734036
10.830604545898355 0.7864592356241568 2.1665355872243652 0.05290717281281182
11.21355099948028 0.24677844129827156 2.0670291752615673 0.12498898912243005
11.102687687044263 0.3110222102355304 2.3722663757970195 0.0628066198251125
10.888940972538187 0.4667230587404886 1.561225824094741 0.19213371554387462
10.777603556431366 0.6956872941553542 2.085702012068215 0.050227118150620836
10.9569936834465 0.5647768367094277 2.2745720792897717 0.046933955285229076
10.756957164914237 0.6553638855523357 2.0707167494920045 0.061235851760150985
10.827164273796376 0.5559190605145687 2.1735739447344367 0.03427382989812495
10.81684805111721 0.5936293129655987 1.9200471649420858 0.2624272313486312
11.033774027628715 0.3927440890665132 2.085814567341881 0.13022114497396067
10.880719103385458 0.555870685538569 2.282438084312223 0.04439329084785082
11.019178598642954 0.5741470397106002 2.4638368835960285 0.017424161408907228
10.859498816190543 0.7451612942680873 2.2876837256280806 0.03140486723212757
11.21718297530656 0.18818068188899045 1.8531789275396882 0.14096650905014615
10.948550228503235 0.6199759219827393 2.3099758380823494 0.13345277875315098
10.809374115305705 0.7464741576556048 2.3553969297747224 0.05602642762473647
10.720200946387159 1.026557382756458 2.206878299760232 0.015525072567690014
10.790186166205348 0.8693509169097076 2.3875281174986727 0.14410802826829747
10.815103997016898 0.7201398054410725 2.136173676107321 0.14150700323701446
10.788153972370138 0.7446228908635035 2.229695445357325 0.1531166513729928
10.924866035738296 0.5210560834407877 2.1471650447098853 0.02895655478092325
11.085542437133746 0.3868592824238146 2.303853500682077 0.14048290552381032
11.068021016587068 0.32346334252297565 2.4047533177000444 0.047680775387661425
10.903642831930908 0.5748470983886762 2.311338904126719 0.021845600837443177
10.914851846937006 0.58278888366533 2.1707174380897825 0.028551495407965897
11.174150130662557 0.22917354580656552 2.1072410565045336 0.0692002520890355
10.87611893765859 0.599692507737577 1.9926186230549865 0.04977690068286369
10.78450512980953 0.6433879126601041 2.422860657679987 0.04477771106407866
10.802889732753773 0.6002600276628826 2.211271426869583 0.1460012417531211
11.106370055920538 0.2542696933346614 1.8552309818057184 0.06530049011563271
11.228288729758214 0.19009030399240537 2.007244086175326 0.04477028176714927
10.93576760023351 0.5773597110499181 2.3392427373851903 0.10468167150131695
10.898524970464296 0.7584117283289268 2.2854251556964797 0.14139445715079996
11.148031403276224 0.20803397321636707 2.041796124213929 0.06242935242483688
10.773898773730002 0.7036066121790863 2.101390141635937 0.030650772890503712
10.783779199253857 0.814092037286016 2.2018774175433835 0.05088380397731867
10.892714354457132 0.7455289890037298 2.2443737418508967 0.015347407342472266
11.034080731250551 0.36251804877139465 2.2466060319959547 0.01774132010436705
10.993801139899226 0.5734848974215001 2.509978914951198 0.02966575190348873
11.057686207661131 0.3811939653339858 2.162691665678374 0.13871492730246482
11.054919422604904 0.3637648473942465 2.1428366330543582 0.07113158989566004
10.833551770519332 0.7613259255318676 2.277412909912232 0.022507006693868663
10.900001123416843 0.5346730848758277 2.1856469204116022 0.04011683367628826
10.92273418052329 0.4802784005391586 2.018431524519536 0.05091445585498081
10.740787892778803 0.8274953310759102 2.1238337891287165 0.03400635669944801
11.02395313372633 0.31371836186786994 2.226060890230089 0.10575060983417278
10.818398482749018 0.7549427342090617 2.2115920547715553 0.0313079007232275
10.89442225640807 0.640176437653344 2.2152345433207428 0.13080808313063694
10.828484599908903 0.66867828783263 2.4170407663698894 0.13850853861222653
10.933336301386559 0.439991498129537 2.3509374412797923 0.12690028962674232
10.804837070092479 0.8244746838395535 2.2596971904656056 0.03349164468280031
10.926425057535129 0.5072165090355373 2.4095216315002115 0.039410133938011634
11.05242257145156 0.22071097847219218 1.8874040607545906 0.14328359670264562
10.817316914425614 0.7019750534134255 2.012544997282222 0.03033388313194619
10.755584769901935 0.9046744813825672 2.4460452001895727 0.05649238200921585
10.955524650450167 0.5051396588668826 2.438887573724435 0.10083862961086919
10.73269908789796 0.7486248883060322 1.9673034286535382 0.25784055991711785
10.82241462730832 0.7042595969159193 2.2792253652760173 0.059041932426434095
10.762704306847457 0.6887340808299852 2.310246458111733 0.03621373515262549
10.788139972922798 0.6621738773446015 2.1137435843000696 0.04108706370626332
10.851752801398776 0.7229112354767334 1.9276344290588758 0.04123392014817923
10.859542919003305 0.6285636090489022 1.9804076657943388 0.03727731745935326
11.11610735754536 0.503978679611852 2.5308873533672736 0.10362713514689394
10.980384252463969 0.3920169553513022 2.137064689870855 0.051105530004624124
10.831563912451449 0.5846127849005364 2.228988760352986 0.048844621673324436
10.842229736521777 0.5817575621539314 2.2313171006189805 0.12610981841663688
10.944699275090523 0.7137157314938882 2.261168021811919 0.11666796313042072
10.92467184382374 0.6731700721534792 2.3653553055645524 0.018521593767001326
11.043278214761074 0.5976897054797382 2.243398161022148 0.13038062624327487
10.90141937954246 0.5492378767192555 2.351137213921307 0.10196255732911019
10.817935134454011 0.7067352680568023 1.7934067457903957 0.1441732829519768
10.854435380756563 0.6508945075440813 2.27067421255584 0.043458754566946985
10.978559247144899 0.5786047574095189 2.3049652460645724 0.03445957395609431
11.008176502753397 0.5618538093664004 2.2881278060524277 0.11071920303815411
10.778298469090329 0.7437272503513136 1.9816336184620573 0.031948999560971685
10.746379709166142 0.9111399015245729 2.31452550213883 0.1509809259410416
10.81421080158432 0.6421919512834524 2.0026255592965754 0.03311200272079552
10.771198207476846 0.8800563834050099 2.421014060248393 0.1308423204682802
11.181666168153138 0.22151631991587065 2.218304192000419 0.03209933084745798
10.978944723515783 0.564176911120319 2.2382346026321107 0.04574033785713654
10.889893582418434 0.5094836894072583 2.222436520216612 0.12461434345726462
10.811818122774143 0.6735777547083552 2.009737684237378 0.15193971255914
10.919763662736102 0.6032240860607782 2.247661021707791 0.1544881500587704
10.84509869251982 0.5971661231032009 2.206653314823335 0.13894305707142207
10.805901942451836 0.6100254150685025 1.9677675512327024 0.13585176917656888
10.706577951815362 0.8175314881209609 2.4241161786444296 0.09756967771700761
10.747626308791675 0.9964714426946742 2.139730972009824 0.13582926123553388
10.93381380620404 0.3348538024918184 2.0909869248072983 0.039597883893572064
11.113995450959248 0.19022143307056338 1.9209018923794283 0.06608342343794488
10.89477396488146 0.5059152448364206 2.1503529385226785 0.11714334872465151
10.91557975063221 0.7884674183097009 2.2856840800174636 0.01798532063966724
10.801294437770371 0.9099055325616657 2.2245293429564033 0.041850149007787975
10.766008744120617 0.8806385202320312 1.7001778904532827 0.273091982340783
10.95209304540251 0.652014038264149 2.3922264202909256 0.13235904408351273
10.969930331046854 0.6217520744040469 1.9833454447480754 0.03772651216910224
10.950439197646313 0.651102317109358 2.4406934776437095 0.1335156760847992
10.792036783291852 0.4989949192083338 2.0024739004363155 0.06856718019569746
10.965820123564363 0.35739777299495973 2.0538795758987174 0.03764722038393186
10.94919253788578 0.5374134503170158 2.1940932991780446 0.12146413241353211
10.81250908285276 0.7494016058543511 2.339592054517666 0.1283917222663148
10.803009846909372 0.81156913208442 2.164157628621298 0.018949259918781197
10.94702528075078 0.5037166809169784 2.1946634153838267 0.1125180666927619
10.924720737822478 0.5182416502545971 2.1349577340806998 0.12662312393408956
11.383699105276328 0.10614208332415448 2.129612615260326 0.14189060501974557
10.902247724492288 0.5602790942606416 2.2660116063134 0.1345623127291537
10.790569883497811 0.8771782268194943 2.296707151879596 0.03396185859082547
10.943796839477061 0.4989362230039208 2.3360637437619562 0.013884079885227071
11.102997227361318 0.3174880640017447 2.081737716321542 0.037568120125455934
10.691189319173446 0.8723060295125282 1.9207585444175514 0.13589106972100115
10.907217450538903 0.6037423021160233 2.3733413761415685 0.1425118500665608
10.860713288384334 0.8105929425681035 2.345828954173197 0.04837241521943716
10.778476362829416 0.5770390658794887 2.1779947135681312 0.0626895997620783
11.268213815654802 0.161202019425839 1.8472129364891896 0.1561735924815468
10.926015373862093 0.681665905072905 2.4715786295830076 0.1153770990681425
11.17025576305594 0.2836667751887236 2.1447288871950647 0.17116722636609946
11.284218572543672 0.27059622410918027 2.137430986848812 0.1315865574993303
11.404462041067207 0.11827489394533863 2.3039478506989575 0.13378023959203938
10.735790824129424 0.6278108954824319 2.28336146813675 0.03357016342055669
10.985964810695009 0.4136170689135925 2.0845771546447533 0.11606400655163951
10.836176715039219 0.765598169696084 2.1863547497474944 0.04073116185166959
11.007890379039251 0.38446398377527324 2.0567155480393833 0.03557605230925311
11.224837042778345 0.15699351695188932 1.966732164450768 0.2633081860890558
10.990633037768385 0.5176102792510644 2.243055667445368 0.11224363293933241
11.120971442553246 0.308995105725088 2.3904408745141335 0.12557461189035324
10.853257525790426 0.5866045452654476 2.3656506606591154 0.14378987923631686
11.189654363962923 0.19677161404145438 2.1417852395264196 0.15059665857958057
11.294406887872267 0.1260370830127653 2.0653449258358463 0.12171367668113435
10.758084357749102 0.7058478596066269 2.2168944658607757 0.12320158239951534
10.994950183580062 0.2896965891351138 2.3063436925183503 0.024979208251334064
11.138614576403656 0.2707890372965592 2.1934665170599286 0.03438019059290221
11.080295488080955 0.3124431961170241 2.029780198419619 0.06376842019603181
11.125766909751198 0.35906228764815834 2.224873696701031 0.038641637873618635
10.817217617319862 0.6985394834440406 2.2299722791024075 0.045173358262301413
10.865549564079572 0.6005735662117645 1.8826892464228255 0.2759734474976099
10.787190724220372 0.7568491570276269 2.2678794868490573 0.3662933857408383
10.974528411599426 0.4187804420564244 2.200051756218151 0.026955139926624253
11.166973005815116 0.28799226707042336 2.2921195742670366 0.029278150371882472
10.938064430712798 0.5361381448109744 2.351033212265082 0.14263882766226832
11.136239932151748 0.3442559074294353 2.290769340794392 0.13741443271376003
10.876066034379207 0.652335035374509 2.223176593212745 0.10866586651982413
10.832564352778498 0.6489623356242695 2.3215402863963983 0.020629639208524994
11.021975896629337 0.40152109592094626 2.255815865780832 0.12072309571415785
10.7618271796767 0.8190349726978178 2.4371273414991546 0.03955310560327158
10.874531485855229 0.5350993453272226 2.4384140085046653 0.02673640044642816
10.875278626682462 0.7183688859213573 2.366911879648205 0.044637751382067416
10.8301763668566 0.5403901250112967 2.0509037027418047 0.3449801086789427
10.907217443006777 0.45783620325538443 2.1851628767758213 0.04156741971223637
10.764189514908944 0.6914152572022771 2.2782769851737643 0.03288373992554498
10.802437411680733 0.557753193073554 2.110353730995148 0.13465106053130335
11.02701117687643 0.32440602472775687 1.980553523709075 0.02983101820039999
10.953659435326397 0.4426948600004384 2.0468105271932022 0.04226448325096104
11.03312422136106 0.4012705928258696 2.2498924379775596 0.02295576689046073
10.984413717576885 0.3934764665134775 2.306880172698003 0.02590736124953461
10.889926724111277 0.5918240964089982 2.2964084924876094 0.13590632923975315
10.947901768584524 0.5225068142679489 2.325418749968347 0.15920040701356322
10.907178941498303 0.4705083967626014 2.2274705216124784 0.018627036483042342
10.906924000164578 0.5281224718974536 2.1044167484510052 0.32700267013793227
10.84551247692182 0.5099944706113382 2.1923472063682485 0.05827054545746161
11.05512559823191 0.38023200894959036 2.061480728394638 0.028951317639654216
