8.617030140597063 0.20009964962551402 1.423602372931681 0.17284406616380196
8.901030541557514 0.2000996496255134 1.866039547768959 0.021459041365964403
8.633030507046424 0.2000996496255136 1.6923668327320989 0.05942318875442076
9.029030421394546 0.2000996496255136 1.9905739099327 0.04348301827902224
8.353030197698313 0.20009964962551433 1.7179078001659143 0.0374285590289299
8.917030145067411 0.20009964962551327 1.8752294209775688 0.04929693365685799
9.029030421394546 0.2000996496255136 1.6029595588539587 0.0421016712961692
8.68903026374026 0.20009964962551371 1.5545344923173556 0.13871338095745012
9.053030208129126 0.20009964962551346 1.9396120730364583 0.026391205201300307
9.349030120987134 0.20009964962551288 1.98007755455712 0.03778484852595211
9.001030543047628 0.20009964962551377 2.05825834588533 0.1095121795523758
9.293030364293298 0.20009964962551363 1.9936150990313146 0.026793125003229144
9.133030514497005 0.20009964962551346 1.8618679195838077 0.045711934087416965
8.64102992733164 0.20009964962551371 1.6790042967673637 0.13152055844251342
9.23303051598712 0.2000996496255136 2.0399108652501594 0.10432975002739202
8.433030504066192 0.20009964962551324 1.8543276892829292 0.0412204422708944
8.349030106085973 0.20009964962551288 1.95734576282937 0.11449801403201086
8.565030475515567 0.20009964962551413 1.7282728830021097 0.03753653091747055
8.353030197698313 0.20009964962551433 1.255295016822401 0.2826123701090558
9.457030305701931 0.2000996496255131 2.1695449175763377 0.048864012215176035
8.881030083495812 0.2000996496255134 1.6572757474727997 0.04809084588412504
9.14503002639456 0.2000996496255137 2.0326541169805634 0.035095870194832714
8.833030510026656 0.20009964962551371 1.9436256553588172 0.14651133165969932
9.593030368763646 0.2000996496255131 1.9337070642450267 0.03646539154215771
8.829030418414316 0.20009964962551327 1.6791252423427185 0.05798970507800189
9.169029813129141 0.20009964962551355 2.023549830793047 0.2549866676819807
8.989030268210609 0.2000996496255137 1.9514485715643883 0.06197603308453947
8.601030537087166 0.20009964962551374 1.6306971310955356 0.05636475193033325
9.153030209619242 0.20009964962551358 1.745793081258893 0.043824480344621296
9.245030027884678 0.2000996496255136 2.1349170521138086 0.023414178676862553
8.64503001894398 0.20009964962551327 1.8360723992111805 0.0485789718702759
9.277029997843936 0.20009964962551355 1.955363199547154 0.024154401235679367
9.49303036727353 0.20009964962551402 1.8729721554662169 0.032838483320397634
8.537029834229184 0.20009964962551344 1.9233996684765102 0.15789539674547026
9.18903027119084 0.20009964962551346 1.5879992413352872 0.13835816444643423
9.225030332762442 0.20009964962551358 1.9780914559710645 0.03152778541772944
8.709029958862498 0.20009964962551388 1.7061815633337911 0.05902454519034229
9.305029876190854 0.20009964962551346 1.961642151471518 0.03863407044526467
8.857030296761234 0.20009964962551352 1.7032000474366302 0.239140805646419
8.789030265230377 0.20009964962551338 1.9112903620331865 0.15759244525436616
9.073029903251363 0.2000996496255136 2.037621971987421 0.05546675940265807
9.397030457395754 0.20009964962551308 2.1466385338739578 0.04424295896516363
8.613030048984722 0.20009964962551333 1.4781548855373057 0.2745161847741911
9.297030455905638 0.20009964962551355 1.8550441833642326 0.037693922081612576
8.68103008051558 0.2000996496255131 1.8437144037430866 0.0534248035828359
8.977029993373588 0.2000996496255134 1.9139823125626518 0.03970499944339505
9.057030299741465 0.20009964962551363 1.9346100256590633 0.05375899196893595
9.005029871720508 0.20009964962551366 1.8865603870462795 0.06416280832549126
8.713030050474838 0.20009964962551355 2.0235369723090897 0.14950572526310424
8.95303020663901 0.2000996496255133 1.7326693514322251 0.0350647367038065
9.177029996353822 0.2000996496255134 1.8196223525383415 0.023379662010305485
9.349030120987134 0.20009964962551288 2.030268967505524 0.04219320954337886
8.713030050474838 0.20009964962551355 1.691962802239753 0.04068761296559638
9.333030517477237 0.20009964962551352 2.0672941774483964 0.03555988605958811
9.18103008796616 0.20009964962551355 1.7637630999013953 0.03264958555579812
9.321030242640216 0.20009964962551346 1.9919670735182988 0.06823560041714148
9.381030090946393 0.20009964962551272 1.911463405040479 0.02570574275470716
8.845030021924213 0.2000996496255133 1.8259364870006678 0.03655198867429654
9.221030241150102 0.20009964962551344 1.8136923756292387 0.047369215118692166
9.133030514497005 0.20009964962551346 2.019289498306054 0.3211032528591027
9.117030148047643 0.20009964962551358 1.8763439297361744 0.08520230044021386
8.609029957372382 0.20009964962551408 1.6100834862362787 0.03593442931519426
9.18103008796616 0.20009964962551355 1.8528911162768527 0.03709678621894758
8.6370298357193 0.2000996496255136 1.574711816186223 0.12445716185731194
9.193030362803183 0.20009964962551358 1.497477637863797 0.2887636496317523
9.437029847640229 0.20009964962551352 2.030926615907341 0.038879197773955834
9.797030463356219 0.20009964962551377 2.1874237320683902 0.03509976092284314
9.589030277151306 0.20009964962551355 1.8554818177021362 0.022710080130886184
9.101030544537748 0.20009964962551338 1.792606149808885 0.13494559562726546
9.089030269700723 0.20009964962551344 1.8797768905364831 0.03214413864352064
9.517030154008108 0.20009964962551416 2.062558429591916 0.030153629176984695
9.465030488926612 0.20009964962551335 1.9401747631541137 0.1370332651525007
8.99703045143529 0.20009964962551352 1.917928258558278 0.06416108919614219
8.68903026374026 0.20009964962551371 1.8363343094267295 0.1074647558018259
8.965030481476031 0.20009964962551338 1.9108645573223833 0.06370785506751507
8.745030020434097 0.20009964962551313 1.7211583197940405 0.1286742790950117
8.977029993373588 0.2000996496255134 1.2552898022049974 0.41532028639441243
9.457030305701931 0.2000996496255131 1.5770428668277499 0.04167452810420298
8.361030380922994 0.20009964962551408 1.765421471295816 0.1490813492821041
9.49303036727353 0.20009964962551402 1.8645241465010325 0.038649087065810446
9.421030244130332 0.2000996496255129 1.9640311234224002 0.033566783359146694
9.117030148047643 0.20009964962551358 1.7624786511564574 0.030562626032726494
8.72103023369952 0.20009964962551322 1.4723678930666675 0.0708139573598105
9.385030182558733 0.20009964962551377 2.0378042432475567 0.027845899047045982
9.49703045888587 0.20009964962551374 2.0517016418204674 0.028480865561207522
9.285030181068617 0.2000996496255134 1.8594470506212522 0.02597795976828989
8.257030287820537 0.2000996496255136 2.209464869286009 0.00803283969295826
8.64102992733164 0.20009964962551371 1.771781941634076 0.043311048009842056
9.057030299741465 0.20009964962551363 1.8171758569928613 0.04728636843826894
8.96103038986369 0.20009964962551338 1.8019904705565555 0.12964843833289638
9.02103023816987 0.20009964962551371 1.9928793918015233 0.04624759063873402
9.469029817599488 0.20009964962551402 1.8241129064021588 0.05290717281281182
8.777029990393356 0.20009964962551355 1.7246064944393609 0.12498898912243005
9.17302990474148 0.20009964962551363 2.029843694974813 0.0628066198251125
8.549030109066205 0.20009964962551335 1.2188031432725346 0.19213371554387462
9.369029816109371 0.20009964962551333 1.7432793312460086 0.050227118150620836
9.6770300038044 0.2000996496255134 1.9321493984675653 0.046933955285229076
9.201030546027862 0.20009964962551358 1.7282940686697983 0.061235851760150985
9.117030148047643 0.20009964962551358 1.8311512639122307 0.03427382989812495
8.889030266720493 0.20009964962551327 1.5776244841198797 0.26242723134863116
8.897030449945174 0.20009964962551333 1.743391886519675 0.13022114497396067
9.149030118006902 0.2000996496255137 1.9400154034900166 0.04439329084785082
9.72503034021302 0.20009964962551316 2.1214142027738223 0.017424161408907225
9.409029969293313 0.20009964962551377 1.9452610448058745 0.03140486723212757
8.277029982942775 0.20009964962551344 1.5107562467174818 0.14096650905014615
9.329030425864897 0.20009964962551346 1.9675531572601432 0.13345277875315098
9.105029873210622 0.20009964962551346 2.012974248952516 0.05602642762473647
9.361030395824155 0.200099649625513 1.8644556189380255 0.015525072567690016
9.329030425864897 0.20009964962551346 2.045105436676466 0.14410802826829747
9.065030482966149 0.2000996496255136 1.7937509952851147 0.14150700323701443
9.017030146557527 0.2000996496255137 1.8872727645351186 0.15311665137299277
8.889030266720493 0.20009964962551327 1.804742363887679 0.02895655478092325
9.033030513006887 0.2000996496255136 1.9614308198598707 0.14048290552381032
8.593030353862485 0.20009964962551396 2.062330636877838 0.04768077538766142
9.033030513006887 0.2000996496255136 1.9689162233045128 0.021845600837443174
9.085030178088386 0.2000996496255136 1.8282947572675763 0.0285514954079659
8.417030137616832 0.20009964962551421 1.7648183756823272 0.06920025208903552
8.99303035982295 0.20009964962551366 1.6501959422327803 0.04977690068286369
8.72103023369952 0.20009964962551322 2.0804379768577808 0.04477771106407866
8.68103008051558 0.2000996496255131 1.8688487460473764 0.1460012417531211
8.321030227739055 0.20009964962551344 1.5128083009835123 0.06530049011563273
8.289030257779796 0.20009964962551358 1.6648214053531198 0.04477028176714927
9.157030301231583 0.2000996496255136 1.9968200565629841 0.10468167150131696
9.545030032355026 0.20009964962551394 1.9430024748742736 0.14139445715079996
8.133030499595844 0.20009964962551355 1.699373443391723 0.06242935242483689
8.857030296761234 0.20009964962551352 1.758967460813731 0.030650772890503712
9.013030054945185 0.20009964962551374 1.8594547367211771 0.05088380397731866
9.433030518967353 0.20009964962551288 1.9019510610286903 0.015347407342472263
8.697030446964941 0.2000996496255137 1.9041833511737485 0.01774132010436705
9.337029846150113 0.20009964962551344 2.167556234128992 0.029665751903488725
8.737029837209416 0.2000996496255138 1.8202689848561677 0.13871492730246485
8.769029807168675 0.20009964962551352 1.800413952232152 0.07113158989566003
9.261030394334039 0.20009964962551363 1.934990229090026 0.02250700669386866
8.873029900271131 0.20009964962551377 1.843224239589396 0.04011683367628826
8.745030020434097 0.20009964962551313 1.6760088436973295 0.050914455854980806
9.029030421394546 0.2000996496255136 1.78141110830651 0.034006356699448015
8.853030205148894 0.2000996496255137 1.883638209407883 0.1057506098341728
9.273029906231596 0.20009964962551346 1.8691693739493491 0.0313079007232275
9.25303021110936 0.20009964962551363 1.8728118624985366 0.13080808313063694
8.95303020663901 0.2000996496255133 2.0746180855476832 0.13850853861222656
9.133030514497005 0.20009964962551346 2.008514760457586 0.12690028962674232
9.305029876190854 0.20009964962551346 1.9172745096433994 0.03349164468280031
8.829030418414316 0.20009964962551327 2.0670989506780053 0.039410133938011634
8.125030316371163 0.2000996496255134 1.5449813799323844 0.14328359670264562
9.02503032978221 0.20009964962551344 1.6701223164600156 0.03033388313194619
9.285030181068617 0.2000996496255134 2.1036225193673666 0.05649238200921585
9.477030000824168 0.20009964962551322 2.0964648929022287 0.10083862961086916
8.849030113536553 0.20009964962551335 1.6248807478313319 0.2578405599171178
9.089030269700723 0.20009964962551344 1.936802684453811 0.059041932426434095
9.141029934782221 0.2000996496255134 1.9678237772895266 0.03621373515262549
9.169029813129141 0.20009964962551355 1.7713209034778634 0.04108706370626332
9.329030425864897 0.20009964962551346 1.5852117482366694 0.04123392014817923
9.02103023816987 0.20009964962551371 1.6379849849721326 0.03727731745935326
9.969029825050068 0.20009964962551335 2.1884646725450674 0.10362713514689395
8.769029807168675 0.20009964962551352 1.7946420090486488 0.051105530004624124
8.893030358332833 0.2000996496255138 1.8865660795307797 0.048844621673324436
8.921030236679751 0.2000996496255136 1.8888944197967743 0.12610981841663688
9.605029880661203 0.20009964962551385 1.9187453409897128 0.11666796313042072
9.49703045888587 0.20009964962551374 2.0229326247423463 0.01852159376700133
9.75703031017228 0.2000996496255136 1.9009754801999417 0.13038062624327484
9.481030092436509 0.2000996496255132 2.0087145330991008 0.1019625573291102
9.153030209619242 0.20009964962551358 1.4509840649681895 0.14417328295197676
9.14503002639456 0.2000996496255137 1.928251531733634 0.043458754566946985
9.361030395824155 0.200099649625513 1.9625425652423663 0.03445957395609431
9.589030277151306 0.20009964962551355 1.9457051252302213 0.11071920303815411
9.18903027119084 0.20009964962551346 1.6392109376398512 0.031948999560971685
9.353030212599474 0.20009964962551305 1.9721028213166234 0.1509809259410416
9.125030331272326 0.20009964962551363 1.6602028784743692 0.03311200272079552
9.245030027884678 0.2000996496255136 2.0785913794261868 0.13084232046828018
8.68103008051558 0.2000996496255131 1.875881511178213 0.032099330847457974
9.645030033845142 0.2000996496255132 1.8958119218099043 0.04574033785713654
8.757030295271118 0.20009964962551371 1.8800138393944057 0.12461434345726463
9.417030152517993 0.20009964962551405 1.6673150034151718 0.15193971255913996
9.205029874700738 0.20009964962551355 1.9052383408855849 0.15448815005877037
9.341029937762453 0.20009964962551377 1.864230634001129 0.13894305707142207
8.761030386883458 0.20009964962551385 1.6253448704104962 0.13585176917656888
9.365030487436496 0.20009964962551405 2.0816934978222235 0.09756967771700763
9.481030092436509 0.2000996496255132 1.7973082911876175 0.13582926123553388
8.449030107576089 0.20009964962551288 1.748564243985092 0.039597883893572064
8.16103037794276 0.20009964962551338 1.5784792115572222 0.06608342343794488
8.777029990393356 0.20009964962551355 1.8079302577004723 0.11714334872465153
9.72503034021302 0.20009964962551316 1.9432613991952572 0.01798532063966724
9.465030488926612 0.20009964962551335 1.882106662134197 0.041850149007787975
9.361030395824155 0.200099649625513 1.3577552096310763 0.273091982340783
9.849030128437715 0.20009964962551358 2.0498037394687194 0.13235904408351273
9.72103024860068 0.20009964962551322 1.640922763925869 0.03772651216910224
9.457030305701931 0.2000996496255131 2.0982707968215033 0.13351567608479917
8.857030296761234 0.20009964962551352 1.6600512196141093 0.06856718019569746
8.45303019918843 0.20009964962551327 1.711456895076511 0.03764722038393187
9.133030514497005 0.20009964962551346 1.8516706183558385 0.12146413241353213
9.22903042437478 0.20009964962551344 1.9971693736954597 0.1283917222663148
9.357030304211815 0.20009964962551438 1.8217349477990918 0.018949259918781197
9.033030513006887 0.2000996496255136 1.8522407345616203 0.1125180666927619
8.989030268210609 0.2000996496255137 1.7925350532584934 0.12662312393408956
7.925030313390931 0.2000996496255137 1.7871899344381197 0.14189060501974557
9.045030024904444 0.2000996496255137 1.9235889254911938 0.1345623127291537
9.473029909211828 0.20009964962551302 1.95428447105739 0.03396185859082547
8.985030176598269 0.20009964962551346 1.99364106293975 0.013884079885227071
8.785030173618036 0.20009964962551346 1.7393150354993356 0.037568120125455934
9.02503032978221 0.20009964962551344 1.5783358635953453 0.13589106972100115
9.18903027119084 0.20009964962551346 2.0309186953193623 0.1425118500665608
9.577030002314284 0.2000996496255131 2.0034062733509908 0.048372415219437165
8.989030268210609 0.2000996496255137 1.835572032745925 0.06268959976207832
8.221030226248939 0.2000996496255136 1.5047902556669832 0.1561735924815468
9.517030154008108 0.20009964962551416 2.129155948760801 0.1153770990681425
8.809029960352614 0.20009964962551344 1.8023062063728583 0.17116722636609943
9.117030148047643 0.20009964962551358 1.7950083060266058 0.1315865574993303
8.425030320841511 0.20009964962551402 1.961525169876751 0.13378023959203938
9.193030362803183 0.20009964962551358 1.9409387873145438 0.03357016342055668
9.005029871720508 0.20009964962551366 1.742154473822547 0.11606400655163951
9.521030245620448 0.20009964962551305 1.843932068925288 0.04073116185166959
8.99703045143529 0.20009964962551352 1.7142928672171769 0.03557605230925311
8.22903040947362 0.20009964962551344 1.6243094836285619 0.26330818608905576
9.209029966313079 0.20009964962551363 1.9006329866231617 0.11224363293933241
8.781030082005696 0.20009964962551358 2.0480181936919273 0.12557461189035324
9.02503032978221 0.20009964962551344 2.023227979836909 0.14378987923631686
8.173029889840318 0.20009964962551355 1.7993625587042135 0.1505966585795806
8.233030501085961 0.20009964962551355 1.72292224501364 0.12171367668113436
8.889030266720493 0.20009964962551327 1.8744717850385695 0.12320158239951536
8.593030353862485 0.20009964962551396 1.963921011696144 0.02497920825133406
8.573029895800783 0.20009964962551394 1.8510438362377224 0.034380190592902204
8.805029868740274 0.2000996496255138 1.687357517597413 0.0637684201960318
9.117030148047643 0.20009964962551358 1.8824510158788248 0.03864163787361863
9.517030154008108 0.20009964962551416 1.8875495982802013 0.045173358262301413
9.281030089456276 0.20009964962551338 1.5402665656006194 0.2759734474976098
9.109029964822962 0.20009964962551335 1.9254568060268509 0.3662933857408383
8.67702998890324 0.2000996496255135 1.8576290753959446 0.02695513992662425
8.865030479985915 0.20009964962551366 1.9496968934448302 0.029278150371882472
9.245030027884678 0.2000996496255136 2.008610531442876 0.1426388276622683
9.077029994863704 0.20009964962551335 1.9483466599721857 0.13741443271376003
9.385030182558733 0.20009964962551377 1.8807539123905388 0.10866586651982414
9.293030364293298 0.20009964962551363 1.9791176055741921 0.02062963920852499
9.065030482966149 0.2000996496255136 1.9133931849586259 0.12072309571415785
9.461030397314271 0.20009964962551333 2.0947046606769484 0.039553105603271584
9.041029933292105 0.20009964962551358 2.095991327682459 0.02673640044642816
9.685030187029081 0.20009964962551322 2.0244891988259988 0.044637751382067416
8.581030079025464 0.20009964962551294 1.7084810219195983 0.34498010867894263
8.693030355352601 0.2000996496255132 1.8427401959536152 0.04156741971223637
8.781030082005696 0.20009964962551358 1.9358543043515581 0.03288373992554498
8.697030446964941 0.2000996496255137 1.7679310501729415 0.13465106053130332
8.941029931801989 0.20009964962551374 1.6381308428868688 0.029831018200399993
9.049030116516787 0.20009964962551352 1.7043878463709958 0.04226448325096104
9.069029811639023 0.2000996496255134 1.9074697571553532 0.022955766890460725
8.893030358332833 0.2000996496255138 1.9644574918757967 0.025907361249534612
8.977029993373588 0.2000996496255134 1.9539858116654034 0.13590632923975315
8.977029993373588 0.2000996496255134 1.982996069146141 0.15920040701356322
9.197030454415522 0.20009964962551363 1.885047840790272 0.018627036483042342
8.901030541557514 0.2000996496255134 1.7619940676287988 0.32700267013793227
9.013030054945185 0.20009964962551374 1.8499245255460424 0.0582705454574616
8.825030326801976 0.20009964962551327 1.7190580475724315 0.028951317639654212
