9.617030140597063 0.20009964962551405 1.766025053753887 0.17284406616380196
9.901030541557514 0.20009964962551338 2.2084622285911655 0.0214590413659644
9.633030507046424 0.2000996496255136 2.0347895135543053 0.05942318875442075
10.029030421394546 0.2000996496255136 2.3329965907549064 0.04348301827902225
9.353030197698313 0.2000996496255143 2.0603304809881204 0.03742855902892989
9.917030145067411 0.20009964962551327 2.217652101799775 0.04929693365685801
10.029030421394546 0.2000996496255136 1.945382239676165 0.0421016712961692
9.68903026374026 0.2000996496255137 1.8969571731395618 0.13871338095745012
10.053030208129126 0.2000996496255135 2.2820347538586647 0.02639120520130031
10.349030120987134 0.20009964962551285 2.3225002353793265 0.03778484852595211
10.001030543047628 0.20009964962551377 2.4006810267075362 0.1095121795523758
10.293030364293298 0.20009964962551363 2.336037779853521 0.026793125003229144
10.133030514497005 0.2000996496255134 2.204290600406014 0.04571193408741696
9.64102992733164 0.20009964962551374 2.02142697758957 0.13152055844251345
10.23303051598712 0.20009964962551358 2.382333546072366 0.10432975002739202
9.433030504066192 0.20009964962551324 2.1967503701051356 0.0412204422708944
9.349030106085973 0.2000996496255129 2.299768443651576 0.11449801403201085
9.565030475515567 0.20009964962551413 2.070695563824316 0.03753653091747055
9.353030197698313 0.2000996496255143 1.5977176976446072 0.2826123701090558
10.457030305701931 0.2000996496255131 2.511967598398544 0.04886401221517603
9.881030083495812 0.20009964962551344 1.999698428295006 0.04809084588412503
10.14503002639456 0.2000996496255137 2.3750767978027696 0.035095870194832714
9.833030510026656 0.20009964962551374 2.286048336181023 0.14651133165969932
10.593030368763646 0.20009964962551313 2.276129745067233 0.03646539154215771
9.829030418414316 0.20009964962551327 2.021547923164925 0.05798970507800189
10.169029813129141 0.20009964962551355 2.3659725116152535 0.25498666768198075
9.989030268210609 0.2000996496255137 2.2938712523865945 0.06197603308453947
9.601030537087166 0.20009964962551377 1.973119811917742 0.05636475193033326
10.153030209619242 0.2000996496255136 2.0882157620810995 0.04382448034462129
10.245030027884678 0.20009964962551358 2.4773397329360147 0.023414178676862553
9.64503001894398 0.2000996496255133 2.178495080033387 0.0485789718702759
10.277029997843936 0.20009964962551355 2.2977858803693603 0.024154401235679364
10.49303036727353 0.200099649625514 2.2153948362884233 0.032838483320397634
9.537029834229184 0.20009964962551344 2.2658223492987166 0.15789539674547026
10.189030271190841 0.20009964962551346 1.9304219221574934 0.13835816444643423
10.225030332762442 0.20009964962551358 2.3205141367932707 0.03152778541772944
9.709029958862498 0.20009964962551385 2.0486042441559973 0.05902454519034229
10.305029876190854 0.20009964962551346 2.3040648322937245 0.03863407044526467
9.857030296761234 0.2000996496255135 2.0456227282588366 0.23914080564641904
9.789030265230377 0.20009964962551338 2.253713042855393 0.15759244525436614
10.073029903251363 0.20009964962551366 2.380044652809627 0.05546675940265808
10.397030457395754 0.2000996496255131 2.489061214696164 0.04424295896516362
9.613030048984722 0.2000996496255133 1.8205775663595118 0.2745161847741911
10.297030455905638 0.20009964962551355 2.1974668641864388 0.037693922081612576
9.68103008051558 0.20009964962551305 2.186137084565293 0.0534248035828359
9.977029993373588 0.2000996496255134 2.2564049933848582 0.03970499944339505
10.057030299741465 0.20009964962551363 2.2770327064812697 0.05375899196893595
10.005029871720508 0.20009964962551366 2.228983067868486 0.06416280832549126
9.713030050474838 0.20009964962551358 2.365959653131296 0.14950572526310424
9.95303020663901 0.20009964962551327 2.0750920322544313 0.0350647367038065
10.177029996353822 0.2000996496255134 2.1620450333605477 0.023379662010305485
10.349030120987134 0.20009964962551285 2.3726916483277303 0.04219320954337886
9.713030050474838 0.20009964962551358 2.034385483061959 0.04068761296559637
10.333030517477237 0.20009964962551352 2.4097168582706026 0.035559886059588104
10.18103008796616 0.20009964962551358 2.1061857807236017 0.03264958555579811
10.321030242640216 0.20009964962551346 2.334389754340505 0.06823560041714148
10.381030090946393 0.20009964962551272 2.2538860858626855 0.025705742754707165
9.845030021924213 0.2000996496255133 2.168359167822874 0.03655198867429654
10.221030241150102 0.20009964962551346 2.156115056451445 0.047369215118692166
10.133030514497005 0.2000996496255134 2.36171217912826 0.3211032528591027
10.117030148047643 0.20009964962551358 2.2187666105583808 0.08520230044021386
9.609029957372382 0.20009964962551405 1.9525061670584851 0.03593442931519426
10.18103008796616 0.20009964962551358 2.1953137970990593 0.03709678621894758
9.6370298357193 0.2000996496255136 1.9171344970084292 0.12445716185731193
10.193030362803183 0.2000996496255136 1.8399003186860032 0.2887636496317523
10.437029847640229 0.20009964962551355 2.3733492967295473 0.038879197773955834
10.797030463356219 0.20009964962551377 2.5298464128905964 0.03509976092284314
10.589030277151306 0.20009964962551358 2.197904498524342 0.022710080130886184
10.101030544537748 0.20009964962551338 2.135028830631091 0.13494559562726544
10.089030269700723 0.20009964962551344 2.2221995713586895 0.03214413864352064
10.517030154008108 0.20009964962551416 2.404981110414122 0.0301536291769847
10.465030488926612 0.20009964962551335 2.28259744397632 0.1370332651525007
9.99703045143529 0.2000996496255135 2.2603509393804844 0.06416108919614219
9.68903026374026 0.2000996496255137 2.1787569902489357 0.10746475580182593
9.965030481476031 0.20009964962551338 2.2532872381445896 0.06370785506751507
9.745030020434097 0.20009964962551316 2.0635810006162467 0.1286742790950117
9.977029993373588 0.2000996496255134 1.5977124830272038 0.4153202863944124
10.457030305701931 0.2000996496255131 1.919465547649956 0.04167452810420299
9.361030380922994 0.20009964962551408 2.1078441521180222 0.1490813492821041
10.49303036727353 0.200099649625514 2.2069468273232387 0.03864908706581044
10.421030244130332 0.2000996496255129 2.3064538042446063 0.0335667833591467
10.117030148047643 0.20009964962551358 2.1049013319786636 0.030562626032726498
9.72103023369952 0.20009964962551322 1.8147905738888739 0.07081395735981048
10.385030182558733 0.2000996496255138 2.380226924069763 0.02784589904704598
10.49703045888587 0.20009964962551374 2.3941243226426736 0.02848086556120752
10.285030181068617 0.2000996496255134 2.2018697314434585 0.025977959768289885
9.257030287820537 0.20009964962551358 2.5518875501082157 0.00803283969295826
9.64102992733164 0.20009964962551374 2.1142046224562825 0.043311048009842056
10.057030299741465 0.20009964962551363 2.1595985378150675 0.047286368438268944
9.96103038986369 0.2000996496255134 2.1444131513787617 0.12964843833289638
10.02103023816987 0.20009964962551371 2.3353020726237297 0.046247590638734036
10.469029817599488 0.20009964962551402 2.1665355872243652 0.05290717281281182
9.777029990393356 0.20009964962551355 2.0670291752615673 0.12498898912243005
10.17302990474148 0.20009964962551363 2.3722663757970195 0.0628066198251125
9.549030109066205 0.2000996496255134 1.561225824094741 0.19213371554387462
10.369029816109371 0.20009964962551338 2.085702012068215 0.050227118150620836
10.6770300038044 0.2000996496255134 2.2745720792897717 0.046933955285229076
10.201030546027862 0.20009964962551355 2.0707167494920045 0.061235851760150985
10.117030148047643 0.20009964962551358 2.1735739447344367 0.03427382989812495
9.889030266720493 0.20009964962551327 1.9200471649420858 0.2624272313486312
9.897030449945174 0.2000996496255133 2.085814567341881 0.13022114497396067
10.149030118006902 0.20009964962551366 2.282438084312223 0.04439329084785082
10.72503034021302 0.2000996496255132 2.4638368835960285 0.017424161408907228
10.409029969293313 0.20009964962551377 2.2876837256280806 0.03140486723212757
9.277029982942775 0.2000996496255134 1.8531789275396882 0.14096650905014615
10.329030425864897 0.20009964962551346 2.3099758380823494 0.13345277875315098
10.105029873210622 0.20009964962551346 2.3553969297747224 0.05602642762473647
10.361030395824155 0.20009964962551297 2.206878299760232 0.015525072567690014
10.329030425864897 0.20009964962551346 2.3875281174986727 0.14410802826829747
10.065030482966149 0.20009964962551363 2.136173676107321 0.14150700323701446
10.017030146557527 0.20009964962551366 2.229695445357325 0.1531166513729928
9.889030266720493 0.20009964962551327 2.1471650447098853 0.02895655478092325
10.033030513006887 0.2000996496255136 2.303853500682077 0.14048290552381032
9.593030353862485 0.20009964962551396 2.4047533177000444 0.047680775387661425
10.033030513006887 0.2000996496255136 2.311338904126719 0.021845600837443177
10.085030178088386 0.20009964962551358 2.1707174380897825 0.028551495407965897
9.417030137616832 0.2000996496255142 2.1072410565045336 0.0692002520890355
9.99303035982295 0.20009964962551366 1.9926186230549865 0.04977690068286369
9.72103023369952 0.20009964962551322 2.422860657679987 0.04477771106407866
9.68103008051558 0.20009964962551305 2.211271426869583 0.1460012417531211
9.321030227739055 0.20009964962551346 1.8552309818057184 0.06530049011563271
9.289030257779796 0.20009964962551355 2.007244086175326 0.04477028176714927
10.157030301231583 0.20009964962551363 2.3392427373851903 0.10468167150131695
10.545030032355026 0.20009964962551394 2.2854251556964797 0.14139445715079996
9.133030499595844 0.20009964962551352 2.041796124213929 0.06242935242483688
9.857030296761234 0.2000996496255135 2.101390141635937 0.030650772890503712
10.013030054945185 0.20009964962551371 2.2018774175433835 0.05088380397731867
10.433030518967353 0.20009964962551288 2.2443737418508967 0.015347407342472266
9.697030446964941 0.2000996496255137 2.2466060319959547 0.01774132010436705
10.337029846150113 0.20009964962551346 2.509978914951198 0.02966575190348873
9.737029837209416 0.2000996496255138 2.162691665678374 0.13871492730246482
9.769029807168675 0.20009964962551355 2.1428366330543582 0.07113158989566004
10.261030394334039 0.2000996496255136 2.277412909912232 0.022507006693868663
9.873029900271131 0.20009964962551374 2.1856469204116022 0.04011683367628826
9.745030020434097 0.20009964962551316 2.018431524519536 0.05091445585498081
10.029030421394546 0.2000996496255136 2.1238337891287165 0.03400635669944801
9.853030205148894 0.2000996496255137 2.226060890230089 0.10575060983417278
10.273029906231596 0.2000996496255135 2.2115920547715553 0.0313079007232275
10.25303021110936 0.2000996496255136 2.2152345433207428 0.13080808313063694
9.95303020663901 0.20009964962551327 2.4170407663698894 0.13850853861222653
10.133030514497005 0.2000996496255134 2.3509374412797923 0.12690028962674232
10.305029876190854 0.20009964962551346 2.2596971904656056 0.03349164468280031
9.829030418414316 0.20009964962551327 2.4095216315002115 0.039410133938011634
9.125030316371163 0.20009964962551344 1.8874040607545906 0.14328359670264562
10.02503032978221 0.20009964962551344 2.012544997282222 0.03033388313194619
10.285030181068617 0.2000996496255134 2.4460452001895727 0.05649238200921585
10.477030000824168 0.20009964962551322 2.438887573724435 0.10083862961086919
9.849030113536553 0.20009964962551338 1.9673034286535382 0.25784055991711785
10.089030269700723 0.20009964962551344 2.2792253652760173 0.059041932426434095
10.141029934782221 0.2000996496255134 2.310246458111733 0.03621373515262549
10.169029813129141 0.20009964962551355 2.1137435843000696 0.04108706370626332
10.329030425864897 0.20009964962551346 1.9276344290588758 0.04123392014817923
10.02103023816987 0.20009964962551371 1.9804076657943388 0.03727731745935326
10.969029825050068 0.20009964962551335 2.5308873533672736 0.10362713514689394
9.769029807168675 0.20009964962551355 2.137064689870855 0.051105530004624124
9.893030358332833 0.20009964962551377 2.228988760352986 0.048844621673324436
9.921030236679751 0.20009964962551363 2.2313171006189805 0.12610981841663688
10.605029880661203 0.20009964962551385 2.261168021811919 0.11666796313042072
10.49703045888587 0.20009964962551374 2.3653553055645524 0.018521593767001326
10.75703031017228 0.2000996496255136 2.243398161022148 0.13038062624327487
10.481030092436509 0.2000996496255132 2.351137213921307 0.10196255732911019
10.153030209619242 0.2000996496255136 1.7934067457903957 0.1441732829519768
10.14503002639456 0.2000996496255137 2.27067421255584 0.043458754566946985
10.361030395824155 0.20009964962551297 2.3049652460645724 0.03445957395609431
10.589030277151306 0.20009964962551358 2.2881278060524277 0.11071920303815411
10.189030271190841 0.20009964962551346 1.9816336184620573 0.031948999560971685
10.353030212599474 0.20009964962551302 2.31452550213883 0.1509809259410416
10.125030331272326 0.2000996496255136 2.0026255592965754 0.03311200272079552
10.245030027884678 0.20009964962551358 2.421014060248393 0.1308423204682802
9.68103008051558 0.20009964962551305 2.218304192000419 0.03209933084745798
10.645030033845142 0.2000996496255132 2.2382346026321107 0.04574033785713654
9.757030295271118 0.20009964962551371 2.222436520216612 0.12461434345726462
10.417030152517992 0.20009964962551408 2.009737684237378 0.15193971255914
10.205029874700738 0.20009964962551355 2.247661021707791 0.1544881500587704
10.341029937762453 0.20009964962551377 2.206653314823335 0.13894305707142207
9.761030386883458 0.20009964962551383 1.9677675512327024 0.13585176917656888
10.365030487436496 0.20009964962551405 2.4241161786444296 0.09756967771700761
10.481030092436509 0.2000996496255132 2.139730972009824 0.13582926123553388
9.449030107576089 0.2000996496255129 2.0909869248072983 0.039597883893572064
9.16103037794276 0.20009964962551335 1.9209018923794283 0.06608342343794488
9.777029990393356 0.20009964962551355 2.1503529385226785 0.11714334872465151
10.72503034021302 0.2000996496255132 2.2856840800174636 0.01798532063966724
10.465030488926612 0.20009964962551335 2.2245293429564033 0.041850149007787975
10.361030395824155 0.20009964962551297 1.7001778904532827 0.273091982340783
10.849030128437715 0.20009964962551352 2.3922264202909256 0.13235904408351273
10.72103024860068 0.20009964962551322 1.9833454447480754 0.03772651216910224
10.457030305701931 0.2000996496255131 2.4406934776437095 0.1335156760847992
9.857030296761234 0.2000996496255135 2.0024739004363155 0.06856718019569746
9.45303019918843 0.20009964962551327 2.0538795758987174 0.03764722038393186
10.133030514497005 0.2000996496255134 2.1940932991780446 0.12146413241353211
10.22903042437478 0.20009964962551344 2.339592054517666 0.1283917222663148
10.357030304211815 0.20009964962551438 2.164157628621298 0.018949259918781197
10.033030513006887 0.2000996496255136 2.1946634153838267 0.1125180666927619
9.989030268210609 0.2000996496255137 2.1349577340806998 0.12662312393408956
8.92503031339093 0.2000996496255137 2.129612615260326 0.14189060501974557
10.045030024904444 0.2000996496255137 2.2660116063134 0.1345623127291537
10.473029909211828 0.200099649625513 2.296707151879596 0.03396185859082547
9.985030176598269 0.2000996496255135 2.3360637437619562 0.013884079885227071
9.785030173618036 0.20009964962551346 2.081737716321542 0.037568120125455934
10.02503032978221 0.20009964962551344 1.9207585444175514 0.13589106972100115
10.189030271190841 0.20009964962551346 2.3733413761415685 0.1425118500665608
10.577030002314284 0.20009964962551308 2.345828954173197 0.04837241521943716
9.989030268210609 0.2000996496255137 2.1779947135681312 0.0626895997620783
9.221030226248939 0.20009964962551355 1.8472129364891896 0.1561735924815468
10.517030154008108 0.20009964962551416 2.4715786295830076 0.1153770990681425
9.809029960352614 0.20009964962551344 2.1447288871950647 0.17116722636609946
10.117030148047643 0.20009964962551358 2.137430986848812 0.1315865574993303
9.425030320841511 0.20009964962551405 2.3039478506989575 0.13378023959203938
10.193030362803183 0.2000996496255136 2.28336146813675 0.03357016342055669
10.005029871720508 0.20009964962551366 2.0845771546447533 0.11606400655163951
10.521030245620448 0.20009964962551308 2.1863547497474944 0.04073116185166959
9.99703045143529 0.2000996496255135 2.0567155480393833 0.03557605230925311
9.22903040947362 0.20009964962551344 1.966732164450768 0.2633081860890558
10.209029966313079 0.2000996496255136 2.243055667445368 0.11224363293933241
9.781030082005696 0.20009964962551352 2.3904408745141335 0.12557461189035324
10.02503032978221 0.20009964962551344 2.3656506606591154 0.14378987923631686
9.173029889840318 0.20009964962551352 2.1417852395264196 0.15059665857958057
9.233030501085961 0.20009964962551355 2.0653449258358463 0.12171367668113435
9.889030266720493 0.20009964962551327 2.2168944658607757 0.12320158239951534
9.593030353862485 0.20009964962551396 2.3063436925183503 0.024979208251334064
9.573029895800783 0.2000996496255139 2.1934665170599286 0.03438019059290221
9.805029868740274 0.20009964962551383 2.029780198419619 0.06376842019603181
10.117030148047643 0.20009964962551358 2.224873696701031 0.038641637873618635
10.517030154008108 0.20009964962551416 2.2299722791024075 0.045173358262301413
10.281030089456276 0.20009964962551338 1.8826892464228255 0.2759734474976099
10.109029964822962 0.20009964962551338 2.2678794868490573 0.3662933857408383
9.67702998890324 0.20009964962551346 2.200051756218151 0.026955139926624253
9.865030479985915 0.20009964962551363 2.2921195742670366 0.029278150371882472
10.245030027884678 0.20009964962551358 2.351033212265082 0.14263882766226832
10.077029994863704 0.20009964962551338 2.290769340794392 0.13741443271376003
10.385030182558733 0.2000996496255138 2.223176593212745 0.10866586651982413
10.293030364293298 0.20009964962551363 2.3215402863963983 0.020629639208524994
10.065030482966149 0.20009964962551363 2.255815865780832 0.12072309571415785
10.461030397314271 0.20009964962551333 2.4371273414991546 0.03955310560327158
10.041029933292105 0.20009964962551358 2.4384140085046653 0.02673640044642816
10.685030187029081 0.20009964962551324 2.366911879648205 0.044637751382067416
9.581030079025464 0.2000996496255129 2.0509037027418047 0.3449801086789427
9.693030355352601 0.20009964962551324 2.1851628767758213 0.04156741971223637
9.781030082005696 0.20009964962551352 2.2782769851737643 0.03288373992554498
9.697030446964941 0.2000996496255137 2.110353730995148 0.13465106053130335
9.941029931801989 0.20009964962551374 1.980553523709075 0.02983101820039999
10.049030116516787 0.20009964962551355 2.0468105271932022 0.04226448325096104
10.069029811639023 0.20009964962551338 2.2498924379775596 0.02295576689046073
9.893030358332833 0.20009964962551377 2.306880172698003 0.02590736124953461
9.977029993373588 0.2000996496255134 2.2964084924876094 0.13590632923975315
9.977029993373588 0.2000996496255134 2.325418749968347 0.15920040701356322
10.197030454415522 0.20009964962551363 2.2274705216124784 0.018627036483042342
9.901030541557514 0.20009964962551338 2.1044167484510052 0.32700267013793227
10.013030054945185 0.20009964962551371 2.1923472063682485 0.05827054545746161
9.825030326801976 0.20009964962551322 2.061480728394638 0.028951317639654216
