10.058237684175031 0.31350293997044104 1.423602372931681 0.17284406616380196
9.979132743445948 0.4438593552523296 1.866039547768959 0.021459041365964403
9.969056117189277 0.38567955468139137 1.6923668327320989 0.05942318875442076
9.861069689645761 0.6087482388056533 1.9905739099327 0.04348301827902224
10.017824662490787 0.2987394602324653 1.7179078001659143 0.0374285590289299
9.99758579177952 0.4175389066845363 1.8752294209775688 0.04929693365685799
9.762775125884668 0.7503272863238255 1.6029595588539587 0.0421016712961692
9.973474781172541 0.3997139864356866 1.5545344923173556 0.13871338095745012
9.922076127125722 0.5362903236166433 1.9396120730364583 0.026391205201300307
9.910626760947766 0.645360196919298 1.98007755455712 0.03778484852595211
10.108926484909215 0.35347075503853986 2.05825834588533 0.1095121795523758
9.968223777543644 0.5421335045323422 1.9936150990313146 0.026793125003229144
9.737633795528133 0.8335605791713622 1.8618679195838077 0.045711934087416965
9.919834449978929 0.4345290327994119 1.6790042967673637 0.13152055844251342
9.843905451076417 0.7060417801794381 2.0399108652501594 0.10432975002739202
10.024655718626121 0.3074962191923887 1.8543276892829292 0.0412204422708944
10.303472323858065 0.16103856066294098 1.95734576282937 0.11449801403201086
10.104800082482402 0.27105724689453015 1.7282728830021097 0.03753653091747055
9.967765483759443 0.29725324014793486 1.255295016822401 0.2826123701090558
9.819223196177106 0.7614126563298105 2.1695449175763377 0.048864012215176035
9.907945214812129 0.43701965353493216 1.6572757474727997 0.04809084588412504
9.77299304885277 0.6748739848834922 2.0326541169805634 0.035095870194832714
10.008774143246326 0.3780609237161398 1.9436256553588172 0.14651133165969932
9.946186031305656 0.5583847079648508 1.9337070642450267 0.03646539154215771
9.972396971279567 0.3720498075113917 1.6791252423427185 0.05798970507800189
9.962751570231791 0.44649539365106533 2.023549830793047 0.2549866676819807
10.045488027401602 0.35224029911924964 1.9514485715643883 0.06197603308453947
9.952549234085545 0.3959433923073909 1.6306971310955356 0.05636475193033325
9.881261951058818 0.5091449679872998 1.745793081258893 0.043824480344621296
9.807644736523109 0.6917064538451846 2.1349170521138086 0.023414178676862553
10.09607788095848 0.24422063848065834 1.8360723992111805 0.0485789718702759
10.142106409824908 0.37871494679925627 1.955363199547154 0.024154401235679367
9.817738960912395 0.6907412743656287 1.8729721554662169 0.032838483320397634
10.148308537873493 0.24970744218703458 1.9233996684765102 0.15789539674547026
10.08127277560345 0.33213116297666606 1.5879992413352872 0.13835816444643423
9.822075101793144 0.6647033525231406 1.9780914559710645 0.03152778541772944
9.791308297121338 0.5465709796590443 1.7061815633337911 0.05902454519034229
9.784072155757055 0.7522818569445043 1.961642151471518 0.03863407044526467
9.823207760375361 0.5537325764307776 1.7032000474366302 0.239140805646419
10.080567220934277 0.3266252184876627 1.9112903620331865 0.15759244525436616
9.834803231365425 0.5441446478186401 2.037621971987421 0.05546675940265807
9.840177970150911 0.7483717990525555 2.1466385338739578 0.04424295896516363
10.18084711445038 0.22320774286518896 1.4781548855373057 0.2745161847741911
9.800238496053865 0.6514550301603704 1.8550441833642326 0.037693922081612576
10.007228205235075 0.3177807082663104 1.8437144037430866 0.0534248035828359
10.061073778162235 0.33633251081473087 1.9139823125626518 0.03970499944339505
9.883156997256027 0.5182638324876618 1.9346100256590633 0.05375899196893595
9.77308950551851 0.6349827254169351 1.8865603870462795 0.06416280832549126
10.308838750454333 0.1949723247422351 2.0235369723090897 0.14950572526310424
9.882497775308492 0.4397961661971087 1.7326693514322251 0.0350647367038065
9.82746522060293 0.6067494426556049 1.8196223525383415 0.023379662010305485
9.98889440811413 0.5121577116007028 2.030268967505524 0.04219320954337886
9.879938532026378 0.4310321393813971 1.691962802239753 0.04068761296559638
10.013561043843252 0.4719546409140611 2.0672941774483964 0.03555988605958811
9.968777681417436 0.4980876207184327 1.7637630999013953 0.03264958555579812
9.888909186426481 0.5784232585939164 1.9919670735182988 0.06823560041714148
10.011072532517213 0.4593581253028239 1.911463405040479 0.02570574275470716
9.949667824335679 0.3933769179442709 1.8259364870006678 0.03655198867429654
9.846519810510719 0.5990030570798339 1.8136923756292387 0.047369215118692166
9.827199062448805 0.7342218541824865 2.019289498306054 0.3211032528591027
9.838702353339228 0.5749815552658588 1.8763439297361744 0.08520230044021386
9.981849442924124 0.343988965958747 1.6100834862362787 0.03593442931519426
9.931551854027177 0.5003153746084018 1.8528911162768527 0.03709678621894758
9.916006859126023 0.35536286600799794 1.574711816186223 0.12445716185731194
9.815006731887992 0.7276046758112089 1.497477637863797 0.2887636496317523
9.909177319119049 0.6765357949988318 2.030926615907341 0.038879197773955834
10.0684215110742 0.47212342835200155 2.1874237320683902 0.03509976092284314
9.908146382357526 0.569803147502586 1.8554818177021362 0.022710080130886184
9.830704035873381 0.5188712445994647 1.792606149808885 0.13494559562726546
9.750965729275284 0.720944161295761 1.8797768905364831 0.03214413864352064
9.897011831329197 0.6975009794657197 2.062558429591916 0.030153629176984695
9.917396460182168 0.5423702367382577 1.9401747631541137 0.1370332651525007
10.00734294198328 0.3571286513258303 1.917928258558278 0.06416108919614219
10.07203522835553 0.33935662113040177 1.8363343094267295 0.1074647558018259
9.8977897035879 0.5412659502855169 1.9108645573223833 0.06370785506751507
9.871022097326838 0.5323270166201234 1.7211583197940405 0.1286742790950117
9.766096884972555 0.7458842259019732 1.2552898022049974 0.41532028639441243
9.798738697540182 0.8915819497741059 1.5770428668277499 0.04167452810420298
10.14409925037274 0.21971340694448305 1.765421471295816 0.1490813492821041
9.857507061042469 0.7776623428360356 1.8645241465010325 0.038649087065810446
10.052972437347155 0.39656925496130485 1.9640311234224002 0.033566783359146694
9.861515336614232 0.6536046182206436 1.7624786511564574 0.030562626032726494
9.826868260723005 0.44074541478797036 1.4723678930666675 0.0708139573598105
9.796015966791387 0.8898560448319897 2.0378042432475567 0.027845899047045982
9.802224311929095 0.692361539665002 2.0517016418204674 0.028480865561207522
9.865579766763878 0.5450042132655459 1.8594470506212522 0.02597795976828989
10.047373603932467 0.23645877789417535 2.209464869286009 0.00803283969295826
9.927512283648541 0.4311521635592037 1.771781941634076 0.043311048009842056
9.812907497275901 0.6318833672842952 1.8171758569928613 0.04728636843826894
9.704227014908314 0.8072564405317382 1.8019904705565555 0.12964843833289638
9.934561513477176 0.5137990892411827 1.9928793918015233 0.04624759063873402
9.830604545898355 0.7864592356241568 1.8241129064021588 0.05290717281281182
10.21355099948028 0.24677844129827156 1.7246064944393609 0.12498898912243005
10.102687687044263 0.3110222102355304 2.029843694974813 0.0628066198251125
9.888940972538187 0.46672305874048853 1.2188031432725346 0.19213371554387462
9.777603556431366 0.6956872941553542 1.7432793312460086 0.050227118150620836
9.9569936834465 0.5647768367094277 1.9321493984675653 0.046933955285229076
9.756957164914237 0.6553638855523357 1.7282940686697983 0.061235851760150985
9.827164273796376 0.5559190605145687 1.8311512639122307 0.03427382989812495
9.81684805111721 0.5936293129655988 1.5776244841198797 0.26242723134863116
10.033774027628715 0.39274408906651315 1.743391886519675 0.13022114497396067
9.880719103385458 0.555870685538569 1.9400154034900166 0.04439329084785082
10.019178598642954 0.5741470397106002 2.1214142027738223 0.017424161408907225
9.859498816190543 0.7451612942680873 1.9452610448058745 0.03140486723212757
10.21718297530656 0.18818068188899048 1.5107562467174818 0.14096650905014615
9.948550228503235 0.6199759219827392 1.9675531572601432 0.13345277875315098
9.809374115305705 0.7464741576556049 2.012974248952516 0.05602642762473647
9.720200946387159 1.026557382756458 1.8644556189380255 0.015525072567690016
9.790186166205348 0.8693509169097074 2.045105436676466 0.14410802826829747
9.815103997016898 0.7201398054410724 1.7937509952851147 0.14150700323701443
9.788153972370138 0.7446228908635035 1.8872727645351186 0.15311665137299277
9.924866035738296 0.5210560834407877 1.804742363887679 0.02895655478092325
10.085542437133746 0.3868592824238146 1.9614308198598707 0.14048290552381032
10.068021016587068 0.32346334252297565 2.062330636877838 0.04768077538766142
9.903642831930908 0.5748470983886762 1.9689162233045128 0.021845600837443174
9.914851846937006 0.5827888836653301 1.8282947572675763 0.0285514954079659
10.174150130662557 0.22917354580656554 1.7648183756823272 0.06920025208903552
9.87611893765859 0.5996925077375769 1.6501959422327803 0.04977690068286369
9.78450512980953 0.6433879126601041 2.0804379768577808 0.04477771106407866
9.802889732753773 0.6002600276628824 1.8688487460473764 0.1460012417531211
10.106370055920538 0.2542696933346614 1.5128083009835123 0.06530049011563273
10.228288729758214 0.19009030399240537 1.6648214053531198 0.04477028176714927
9.93576760023351 0.5773597110499182 1.9968200565629841 0.10468167150131696
9.898524970464296 0.7584117283289267 1.9430024748742736 0.14139445715079996
10.148031403276224 0.20803397321636707 1.699373443391723 0.06242935242483689
9.773898773730002 0.7036066121790863 1.758967460813731 0.030650772890503712
9.783779199253857 0.814092037286016 1.8594547367211771 0.05088380397731866
9.892714354457132 0.7455289890037298 1.9019510610286903 0.015347407342472263
10.034080731250551 0.36251804877139465 1.9041833511737485 0.01774132010436705
9.993801139899226 0.5734848974215001 2.167556234128992 0.029665751903488725
10.057686207661131 0.3811939653339858 1.8202689848561677 0.13871492730246485
10.054919422604904 0.3637648473942466 1.800413952232152 0.07113158989566003
9.833551770519332 0.7613259255318676 1.934990229090026 0.02250700669386866
9.900001123416843 0.5346730848758277 1.843224239589396 0.04011683367628826
9.92273418052329 0.4802784005391586 1.6760088436973295 0.050914455854980806
9.740787892778803 0.8274953310759103 1.78141110830651 0.034006356699448015
10.02395313372633 0.31371836186786994 1.883638209407883 0.1057506098341728
9.818398482749018 0.7549427342090617 1.8691693739493491 0.0313079007232275
9.89442225640807 0.6401764376533441 1.8728118624985366 0.13080808313063694
9.828484599908903 0.66867828783263 2.0746180855476832 0.13850853861222656
9.933336301386559 0.439991498129537 2.008514760457586 0.12690028962674232
9.804837070092479 0.8244746838395534 1.9172745096433994 0.03349164468280031
9.926425057535129 0.5072165090355372 2.0670989506780053 0.039410133938011634
10.05242257145156 0.22071097847219215 1.5449813799323844 0.14328359670264562
9.817316914425614 0.7019750534134255 1.6701223164600156 0.03033388313194619
9.755584769901935 0.9046744813825673 2.1036225193673666 0.05649238200921585
9.955524650450167 0.5051396588668827 2.0964648929022287 0.10083862961086916
9.73269908789796 0.7486248883060324 1.6248807478313319 0.2578405599171178
9.82241462730832 0.7042595969159193 1.936802684453811 0.059041932426434095
9.762704306847457 0.6887340808299852 1.9678237772895266 0.03621373515262549
9.788139972922798 0.6621738773446015 1.7713209034778634 0.04108706370626332
9.851752801398776 0.7229112354767334 1.5852117482366694 0.04123392014817923
9.859542919003305 0.6285636090489021 1.6379849849721326 0.03727731745935326
10.11610735754536 0.503978679611852 2.1884646725450674 0.10362713514689395
9.980384252463969 0.3920169553513023 1.7946420090486488 0.051105530004624124
9.831563912451449 0.5846127849005364 1.8865660795307797 0.048844621673324436
9.842229736521777 0.5817575621539314 1.8888944197967743 0.12610981841663688
9.944699275090523 0.7137157314938881 1.9187453409897128 0.11666796313042072
9.92467184382374 0.6731700721534793 2.0229326247423463 0.01852159376700133
10.043278214761074 0.5976897054797382 1.9009754801999417 0.13038062624327484
9.90141937954246 0.5492378767192554 2.0087145330991008 0.1019625573291102
9.817935134454011 0.7067352680568023 1.4509840649681895 0.14417328295197676
9.854435380756563 0.6508945075440814 1.928251531733634 0.043458754566946985
9.978559247144899 0.5786047574095189 1.9625425652423663 0.03445957395609431
10.008176502753397 0.5618538093664004 1.9457051252302213 0.11071920303815411
9.778298469090329 0.7437272503513137 1.6392109376398512 0.031948999560971685
9.746379709166142 0.9111399015245729 1.9721028213166234 0.1509809259410416
9.81421080158432 0.6421919512834524 1.6602028784743692 0.03311200272079552
9.771198207476846 0.8800563834050098 2.0785913794261868 0.13084232046828018
10.181666168153138 0.22151631991587062 1.875881511178213 0.032099330847457974
9.978944723515783 0.5641769111203189 1.8958119218099043 0.04574033785713654
9.889893582418434 0.5094836894072583 1.8800138393944057 0.12461434345726463
9.811818122774143 0.6735777547083552 1.6673150034151718 0.15193971255913996
9.919763662736102 0.6032240860607782 1.9052383408855849 0.15448815005877037
9.84509869251982 0.5971661231032009 1.864230634001129 0.13894305707142207
9.805901942451836 0.6100254150685024 1.6253448704104962 0.13585176917656888
9.706577951815362 0.817531488120961 2.0816934978222235 0.09756967771700763
9.747626308791675 0.9964714426946744 1.7973082911876175 0.13582926123553388
9.93381380620404 0.33485380249181834 1.748564243985092 0.039597883893572064
10.113995450959248 0.19022143307056338 1.5784792115572222 0.06608342343794488
9.89477396488146 0.5059152448364205 1.8079302577004723 0.11714334872465153
9.91557975063221 0.7884674183097008 1.9432613991952572 0.01798532063966724
9.801294437770371 0.9099055325616657 1.882106662134197 0.041850149007787975
9.766008744120617 0.8806385202320313 1.3577552096310763 0.273091982340783
9.95209304540251 0.6520140382641492 2.0498037394687194 0.13235904408351273
9.969930331046854 0.6217520744040468 1.640922763925869 0.03772651216910224
9.950439197646313 0.6511023171093581 2.0982707968215033 0.13351567608479917
9.792036783291852 0.49899491920833383 1.6600512196141093 0.06856718019569746
9.965820123564363 0.35739777299495973 1.711456895076511 0.03764722038393187
9.94919253788578 0.5374134503170158 1.8516706183558385 0.12146413241353213
9.81250908285276 0.749401605854351 1.9971693736954597 0.1283917222663148
9.803009846909372 0.81156913208442 1.8217349477990918 0.018949259918781197
9.94702528075078 0.5037166809169785 1.8522407345616203 0.1125180666927619
9.924720737822478 0.5182416502545971 1.7925350532584934 0.12662312393408956
10.383699105276328 0.1061420833241545 1.7871899344381197 0.14189060501974557
9.902247724492288 0.5602790942606416 1.9235889254911938 0.1345623127291537
9.790569883497811 0.8771782268194943 1.95428447105739 0.03396185859082547
9.943796839477061 0.49893622300392076 1.99364106293975 0.013884079885227071
10.102997227361318 0.3174880640017447 1.7393150354993356 0.037568120125455934
9.691189319173446 0.8723060295125281 1.5783358635953453 0.13589106972100115
9.907217450538903 0.6037423021160232 2.0309186953193623 0.1425118500665608
9.860713288384334 0.8105929425681037 2.0034062733509908 0.048372415219437165
9.778476362829416 0.5770390658794887 1.835572032745925 0.06268959976207832
10.268213815654802 0.161202019425839 1.5047902556669832 0.1561735924815468
9.926015373862093 0.681665905072905 2.129155948760801 0.1153770990681425
10.17025576305594 0.2836667751887236 1.8023062063728583 0.17116722636609943
10.284218572543672 0.27059622410918027 1.7950083060266058 0.1315865574993303
10.404462041067207 0.11827489394533863 1.961525169876751 0.13378023959203938
9.735790824129424 0.6278108954824319 1.9409387873145438 0.03357016342055668
9.985964810695009 0.41361706891359246 1.742154473822547 0.11606400655163951
9.836176715039219 0.765598169696084 1.843932068925288 0.04073116185166959
10.007890379039251 0.3844639837752732 1.7142928672171769 0.03557605230925311
10.224837042778345 0.1569935169518893 1.6243094836285619 0.26330818608905576
9.990633037768385 0.5176102792510644 1.9006329866231617 0.11224363293933241
10.120971442553246 0.308995105725088 2.0480181936919273 0.12557461189035324
9.853257525790426 0.5866045452654476 2.023227979836909 0.14378987923631686
10.189654363962923 0.19677161404145438 1.7993625587042135 0.1505966585795806
10.294406887872267 0.12603708301276534 1.72292224501364 0.12171367668113436
9.758084357749102 0.7058478596066269 1.8744717850385695 0.12320158239951536
9.994950183580062 0.2896965891351138 1.963921011696144 0.02497920825133406
10.138614576403656 0.2707890372965592 1.8510438362377224 0.034380190592902204
10.080295488080955 0.31244319611702415 1.687357517597413 0.0637684201960318
10.125766909751198 0.35906228764815834 1.8824510158788248 0.03864163787361863
9.817217617319862 0.6985394834440406 1.8875495982802013 0.045173358262301413
9.865549564079572 0.6005735662117645 1.5402665656006194 0.2759734474976098
9.787190724220372 0.7568491570276269 1.9254568060268509 0.3662933857408383
9.974528411599426 0.41878044205642445 1.8576290753959446 0.02695513992662425
10.166973005815116 0.28799226707042336 1.9496968934448302 0.029278150371882472
9.938064430712798 0.5361381448109744 2.008610531442876 0.1426388276622683
10.136239932151748 0.3442559074294353 1.9483466599721857 0.13741443271376003
9.876066034379207 0.6523350353745089 1.8807539123905388 0.10866586651982414
9.832564352778498 0.6489623356242695 1.9791176055741921 0.02062963920852499
10.021975896629337 0.40152109592094626 1.9133931849586259 0.12072309571415785
9.7618271796767 0.8190349726978179 2.0947046606769484 0.039553105603271584
9.874531485855229 0.5350993453272227 2.095991327682459 0.02673640044642816
9.875278626682462 0.7183688859213572 2.0244891988259988 0.044637751382067416
9.8301763668566 0.5403901250112967 1.7084810219195983 0.34498010867894263
9.907217443006777 0.4578362032553844 1.8427401959536152 0.04156741971223637
9.764189514908944 0.6914152572022771 1.9358543043515581 0.03288373992554498
9.802437411680733 0.557753193073554 1.7679310501729415 0.13465106053130332
10.02701117687643 0.3244060247277569 1.6381308428868688 0.029831018200399993
9.953659435326397 0.44269486000043834 1.7043878463709958 0.04226448325096104
10.03312422136106 0.40127059282586963 1.9074697571553532 0.022955766890460725
9.984413717576885 0.39347646651347756 1.9644574918757967 0.025907361249534612
9.889926724111277 0.5918240964089982 1.9539858116654034 0.13590632923975315
9.947901768584524 0.5225068142679489 1.982996069146141 0.15920040701356322
9.907178941498303 0.4705083967626014 1.885047840790272 0.018627036483042342
9.906924000164578 0.5281224718974536 1.7619940676287988 0.32700267013793227
9.84551247692182 0.5099944706113381 1.8499245255460424 0.0582705454574616
10.05512559823191 0.38023200894959036 1.7190580475724315 0.028951317639654212
