10.058237684175031 0.31350293997044104 1.519996498196048 0.0716113775519832
9.979132743445948 0.4438593552523296 1.881560059573723 0.034927865654081354
9.969056117189277 0.38567955468139137 1.7835157474231826 0.044005363103007705
9.861069689645761 0.6087482388056533 2.0056875070511113 0.04109738715408698
10.017824662490787 0.2987394602324653 1.7755991603120138 0.0687603952820897
9.99758579177952 0.4175389066845363 1.8610181391535934 0.03620646451190314
9.762775125884668 0.7503272863238255 1.605070819485122 0.053593097226656505
9.973474781172541 0.3997139864356866 1.57716108593086 0.04832202502322427
9.922076127125722 0.5362903236166433 1.9634802211322877 0.021142502464695657
9.910626760947766 0.645360196919298 2.0711385058052394 0.037488016112187245
10.108926484909215 0.35347075503853986 2.069197456688007 0.024951691811894466
9.968223777543644 0.5421335045323422 2.1206600898911376 0.021681978760118816
9.737633795528133 0.8335605791713622 1.861442269336272 0.04179145851110195
9.919834449978929 0.4345290327994119 1.7204177776425744 0.08437737263829495
9.843905451076417 0.7060417801794381 1.9734556298121673 0.029247551727592778
10.024655718626121 0.3074962191923887 1.8921163106619439 0.0419430744081876
10.303472323858065 0.16103856066294098 1.9906443858806793 0.06857183536027792
10.104800082482402 0.27105724689453015 1.5970718987111552 0.0480130672114533
9.967765483759443 0.29725324014793486 2.0341249638062235 0.2686299492481977
9.819223196177106 0.7614126563298105 2.1490254089811467 0.04938861907798084
9.907945214812129 0.43701965353493216 1.7122225656241077 0.03691545655861668
9.77299304885277 0.6748739848834922 2.0821228080648155 0.03364692133623678
10.008774143246326 0.3780609237161398 1.881622953009577 0.05850673420432664
9.946186031305656 0.5583847079648508 1.9416374785064063 0.033574145288120374
9.972396971279567 0.3720498075113917 1.6095645945844217 0.04833777262220127
9.962751570231791 0.44649539365106533 1.8220665395287405 0.2630474509320882
10.045488027401602 0.35224029911924964 1.8826801229481542 0.04785231466029184
9.952549234085545 0.3959433923073909 1.5214984357618373 0.0590948569774917
9.881261951058818 0.5091449679872998 1.7429641985185111 0.043859794554505366
9.807644736523109 0.6917064538451846 2.1015173658505715 0.035817625371343594
10.09607788095848 0.24422063848065834 1.816183779164794 0.04634659839704855
10.142106409824908 0.37871494679925627 1.996936735900928 0.02119007961434503
9.817738960912395 0.6907412743656287 1.9895582834463286 0.03288599271583684
10.148308537873493 0.24970744218703458 1.893121627543544 0.058176877120940045
10.08127277560345 0.33213116297666606 1.712464584715832 0.0390320687965859
9.822075101793144 0.6647033525231406 1.9811601307296756 0.031846833499989576
9.791308297121338 0.5465709796590443 1.8069989515761962 0.05398457453342616
9.784072155757055 0.7522818569445043 1.961642151471518 0.03863407044526467
9.823207760375361 0.5537325764307776 1.5158099290600129 0.25292706540706567
10.080567220934277 0.3266252184876627 1.8809629708787943 0.06814457035005494
9.834803231365425 0.5441446478186401 2.037621971987421 0.05546675940265807
9.840177970150911 0.7483717990525555 2.1876692727370557 0.057531903499237196
10.18084711445038 0.22320774286518896 1.2833497407046417 0.2908013753073907
9.800238496053865 0.6514550301603704 1.9249703554678081 0.021088860093709617
10.007228205235075 0.3177807082663104 1.9018982399989308 0.03261047900122234
10.061073778162235 0.33633251081473087 1.8534391375726236 0.03671067787339507
9.883156997256027 0.5182638324876618 2.0692421518750344 0.053202762496726605
9.77308950551851 0.6349827254169351 1.7960845930944662 0.050879141983360625
10.308838750454333 0.1949723247422351 1.9956867076264073 0.1034266966575352
9.882497775308492 0.4397961661971087 1.6749040085732345 0.046615947052334857
9.82746522060293 0.6067494426556049 1.780497902267178 0.03213400020842483
9.98889440811413 0.5121577116007028 1.8470012608194073 0.07191482423291169
9.879938532026378 0.4310321393813971 1.6917336019546347 0.040663934168052245
10.013561043843252 0.4719546409140611 2.107624705348392 0.03530040847682542
9.968777681417436 0.4980876207184327 1.6811955147527113 0.02921303216682312
9.888909186426481 0.5784232585939164 2.0028096225809193 0.05532147778153732
10.011072532517213 0.4593581253028239 1.949499539027523 0.02101807363173684
9.949667824335679 0.3933769179442709 1.9104605492498008 0.03323108716380191
9.846519810510719 0.5990030570798339 1.8513871825823676 0.03783086966850563
9.827199062448805 0.7342218541824865 1.9588877173413461 0.23462292711872787
9.838702353339228 0.5749815552658588 1.86207491425021 0.02862730839795448
9.981849442924124 0.343988965958747 1.672653578944482 0.0402160289412335
9.931551854027177 0.5003153746084018 1.8544082331307534 0.030986637805061817
9.916006859126023 0.35536286600799794 1.5652536888939286 0.08512368801492597
9.815006731887992 0.7276046758112089 1.6018341696686225 0.2794313399330526
9.909177319119049 0.6765357949988318 1.960053115917215 0.03729950121980126
10.0684215110742 0.47212342835200155 2.188308102346354 0.007777221725968529
9.908146382357526 0.569803147502586 1.77163599275499 0.02978318733649957
9.830704035873381 0.5188712445994647 1.817416991480401 0.04759641176231808
9.750965729275284 0.720944161295761 1.915340268084536 0.03808911549751409
9.897011831329197 0.6975009794657197 2.0348309327925476 0.04429035800138296
9.917396460182168 0.5423702367382577 1.836634386149458 0.04671589118896952
10.00734294198328 0.3571286513258303 1.768399582718895 0.04938071478394377
10.07203522835553 0.33935662113040177 1.8471535237492889 0.0637878529495175
9.8977897035879 0.5412659502855169 1.8851461086286962 0.055607702338541384
9.871022097326838 0.5323270166201234 1.8935517156057389 0.07206759740416216
9.766096884972555 0.7458842259019732 1.8185693164083407 0.25792636752685016
9.798738697540182 0.8915819497741059 1.734911399256348 0.045498827018682735
10.14409925037274 0.21971340694448305 1.727302282899626 0.08141570844213541
9.857507061042469 0.7776623428360356 1.853709488296523 0.04413105059149219
10.052972437347155 0.39656925496130485 1.9942276326686355 0.029819261379209847
9.861515336614232 0.6536046182206436 1.9314511566961086 0.026676881023768275
9.826868260723005 0.44074541478797036 1.5940773328438242 0.04779630289880791
9.796015966791387 0.8898560448319897 2.0475369174297096 0.018819713637901237
9.802224311929095 0.692361539665002 2.0520819097117826 0.027472865757443676
9.865579766763878 0.5450042132655459 1.8296122768040897 0.02773585460043157
10.047373603932467 0.23645877789417535 2.1563667919299023 0.008977574990790525
9.927512283648541 0.4311521635592037 1.7621567224467547 0.038792163129875525
9.812907497275901 0.6318833672842952 1.8653477371154883 0.04099498812682445
9.704227014908314 0.8072564405317382 1.9103566843091035 0.03814808922028888
9.934561513477176 0.5137990892411827 1.9480459086833117 0.040545269166058356
9.830604545898355 0.7864592356241568 1.8527440820887815 0.054908638610524876
10.21355099948028 0.24677844129827156 1.729581146320764 0.03812850990607702
10.102687687044263 0.3110222102355304 2.009271092756469 0.03645399726519008
9.888940972538187 0.46672305874048853 1.2558733926233185 0.12481036028732212
9.777603556431366 0.6956872941553542 1.5207135404077532 0.05541728242886564
9.9569936834465 0.5647768367094277 1.8947719142035169 0.07071100671922526
9.756957164914237 0.6553638855523357 1.7257415364322188 0.059121829148501864
9.827164273796376 0.5559190605145687 1.950482476606054 0.038298474742377464
9.81684805111721 0.5936293129655988 1.113582811197201 0.3277670639222984
10.033774027628715 0.39274408906651315 1.7259088076925944 0.08157337876037697
9.880719103385458 0.555870685538569 1.874015420138181 0.04522353583785772
10.019178598642954 0.5741470397106002 1.998935395519521 0.047047248867859534
9.859498816190543 0.7451612942680873 1.9473774508606945 0.03671690295009136
10.21718297530656 0.18818068188899048 1.4773445350099919 0.1029673885358203
9.948550228503235 0.6199759219827392 1.9449496586330997 0.09923235366666436
9.809374115305705 0.7464741576556049 1.9829226932140114 0.0404356842492451
9.720200946387159 1.026557382756458 1.917853792966221 0.019021107069597136
9.790186166205348 0.8693509169097074 2.0396241271973197 0.10526580320912217
9.815103997016898 0.7201398054410724 1.8108682805705103 0.08863835058991773
9.788153972370138 0.7446228908635035 1.9110131569340005 0.07094086347217811
9.924866035738296 0.5210560834407877 1.7854894083553368 0.032667043343565905
10.085542437133746 0.3868592824238146 1.9128581524008121 0.04965016630694291
10.068021016587068 0.32346334252297565 2.0324028805980263 0.041404541072345494
9.903642831930908 0.5748470983886762 1.9597327069788826 0.023213173913355107
9.914851846937006 0.5827888836653301 1.8497375299919063 0.038306137632796784
10.174150130662557 0.22917354580656554 1.7897782727739089 0.04037629242292572
9.87611893765859 0.5996925077375769 1.4344411785448927 0.06575209194171075
9.78450512980953 0.6433879126601041 2.0815238147149757 0.04839414107245197
9.802889732753773 0.6002600276628824 1.865340029004823 0.0920432924911482
10.106370055920538 0.2542696933346614 1.5427965561510653 0.06788272790960571
10.228288729758214 0.19009030399240537 1.7082127272720677 0.03930738631541572
9.93576760023351 0.5773597110499182 1.9902413050872154 0.06550519463989897
9.898524970464296 0.7584117283289267 1.9332724797105065 0.091526334058917
10.148031403276224 0.20803397321636707 1.6380760516820154 0.047437907690968596
9.773898773730002 0.7036066121790863 1.869751372537387 0.03029248024814728
9.783779199253857 0.814092037286016 1.9722516943811255 0.02125947519783586
9.892714354457132 0.7455289890037298 1.9344586639919186 0.03202095655569385
10.034080731250551 0.36251804877139465 1.9933772182659557 0.01302138946831846
9.993801139899226 0.5734848974215001 2.188003083802528 0.027203619137731425
10.057686207661131 0.3811939653339858 1.8331841694984048 0.038391133114757454
10.054919422604904 0.3637648473942466 1.7571943309533615 0.05770655582306595
9.833551770519332 0.7613259255318676 1.9213485159704333 0.03405980915008117
9.900001123416843 0.5346730848758277 1.879169672603063 0.031112894527469407
9.92273418052329 0.4802784005391586 1.6760088436973295 0.050914455854980806
9.740787892778803 0.8274953310759103 1.8686954825528141 0.029365336321174464
10.02395313372633 0.31371836186786994 1.8082771928578292 0.02488019219997652
9.818398482749018 0.7549427342090617 1.87090360453952 0.03643871498915445
9.89442225640807 0.6401764376533441 1.8739337298912224 0.07856442240499989
9.828484599908903 0.66867828783263 2.0333889816147686 0.09239718786932877
9.933336301386559 0.439991498129537 2.076367782839085 0.0683670600238798
9.804837070092479 0.8244746838395534 1.930884247043493 0.049175701154005935
9.926425057535129 0.5072165090355372 2.074111939522434 0.046870262688591235
10.05242257145156 0.22071097847219215 1.6482378793222612 0.045068213367527685
9.817316914425614 0.7019750534134255 1.6348386984655003 0.0372286937538211
9.755584769901935 0.9046744813825673 2.0711484255582766 0.04613028212687333
9.955524650450167 0.5051396588668827 2.0959176197738754 0.011963543026675173
9.73269908789796 0.7486248883060324 1.517442116630614 0.25780598418843076
9.82241462730832 0.7042595969159193 1.9286493517586825 0.04022533742407973
9.762704306847457 0.6887340808299852 1.9442819934001225 0.022360001493633933
9.788139972922798 0.6621738773446015 1.7713209034778634 0.04108706370626332
9.851752801398776 0.7229112354767334 1.4882776024968136 0.05005872687928867
9.859542919003305 0.6285636090489021 1.579473476204869 0.0391634419427164
10.11610735754536 0.503978679611852 2.18391469760608 0.05905650832176652
9.980384252463969 0.3920169553513023 1.7630620861253723 0.043158459621787174
9.831563912451449 0.5846127849005364 1.8957488715970412 0.032469912933949525
9.842229736521777 0.5817575621539314 1.9391627825328699 0.03247891023351621
9.944699275090523 0.7137157314938881 1.9260661561200503 0.037953267309076125
9.92467184382374 0.6731700721534793 1.9401915013778441 0.026264755564747756
10.043278214761074 0.5976897054797382 1.9009447000574649 0.08641609430323956
9.90141937954246 0.5492378767192554 2.014014442296143 0.05931601035191345
9.817935134454011 0.7067352680568023 1.6672244071312874 0.04648526105779292
9.854435380756563 0.6508945075440814 1.9126213856899028 0.03753918842152358
9.978559247144899 0.5786047574095189 1.9507563909824492 0.03638962126670624
10.008176502753397 0.5618538093664004 1.9399794589370396 0.028224887619280097
9.778298469090329 0.7437272503513137 1.6237329955679314 0.04053199994710869
9.746379709166142 0.9111399015245729 1.9703737008459583 0.10909953501344254
9.81421080158432 0.6421919512834524 1.6517999779798473 0.029473268299475316
9.771198207476846 0.8800563834050098 2.085252065282066 0.07549422488080154
10.181666168153138 0.22151631991587062 1.9192655313031455 0.02848551538723038
9.978944723515783 0.5641769111203189 1.8762753858124097 0.03493449618106247
9.889893582418434 0.5094836894072583 1.8481567498004272 0.039499424290605295
9.811818122774143 0.6735777547083552 1.5737617709503806 0.10587085278736627
9.919763662736102 0.6032240860607782 1.8240622488134373 0.0988044856689655
9.84509869251982 0.5971661231032009 1.8435002939507872 0.09382134912668895
9.805901942451836 0.6100254150685024 1.566592303061204 0.09735366296793788
9.706577951815362 0.817531488120961 2.0792995969929504 0.0303200814600282
9.747626308791675 0.9964714426946744 1.8671224060644256 0.08074806368450597
9.93381380620404 0.33485380249181834 1.6710817650120444 0.03202415459931967
10.113995450959248 0.19022143307056338 1.735288853678696 0.050251070484881935
9.89477396488146 0.5059152448364205 1.8325861551703444 0.08206706279515097
9.91557975063221 0.7884674183097008 1.935193222343253 0.029345130951745745
9.801294437770371 0.9099055325616657 1.8876889751046595 0.04371816621694445
9.766008744120617 0.8806385202320313 1.4425848416322262 0.2652003778652054
9.95209304540251 0.6520140382641492 2.0369321352246375 0.09023086094930872
9.969930331046854 0.6217520744040468 1.5925978672929915 0.049833851400339135
9.950439197646313 0.6511023171093581 2.0762908993412204 0.09007542519003763
9.792036783291852 0.49899491920833383 1.6259790516144976 0.05257743382374737
9.965820123564363 0.35739777299495973 1.7164242506708904 0.03432093168848892
9.94919253788578 0.5374134503170158 1.877958845487372 0.033400722435952365
9.81250908285276 0.749401605854351 1.9141019052103911 0.050589573338540875
9.803009846909372 0.81156913208442 1.7608612396151764 0.02762830156358454
9.94702528075078 0.5037166809169785 1.879541058754579 0.025757538905713008
9.924720737822478 0.5182416502545971 1.7565781001491536 0.0905896704979814
10.383699105276328 0.1061420833241545 1.8036046047547731 0.049122141640415784
9.902247724492288 0.5602790942606416 1.9265828963435374 0.03842590518004071
9.790569883497811 0.8771782268194943 1.9360267244845437 0.027459835215357477
9.943796839477061 0.49893622300392076 1.9700724660445565 0.01956646659452221
10.102997227361318 0.3174880640017447 1.777316916736307 0.041676474581238875
9.691189319173446 0.8723060295125281 1.6198282405481403 0.04750155821353607
9.907217450538903 0.6037423021160232 2.0875205308658553 0.09046788388357131
9.860713288384334 0.8105929425681037 2.0166520560475516 0.04664656397150583
9.778476362829416 0.5770390658794887 1.7199882212115578 0.045035451904364115
10.268213815654802 0.161202019425839 1.52758995305662 0.061066339952208615
9.926015373862093 0.681665905072905 2.1315470886223076 0.023376650984974198
10.17025576305594 0.2836667751887236 1.7344508763036512 0.07773453616800065
10.284218572543672 0.27059622410918027 1.8630096119326385 0.08467294931259757
10.404462041067207 0.11827489394533863 1.9495765223399075 0.060319140628976566
9.735790824129424 0.6278108954824319 2.1131298938610543 0.03016183700431125
9.985964810695009 0.41361706891359246 1.8040154665734869 0.037158765202370825
9.836176715039219 0.765598169696084 1.8986213033273094 0.0450546081403413
10.007890379039251 0.3844639837752732 1.7298505557439743 0.03738412782929956
10.224837042778345 0.1569935169518893 1.6751800731720736 0.25795666232044573
9.990633037768385 0.5176102792510644 1.9230503770445762 0.022882057112005333
10.120971442553246 0.308995105725088 2.03118653917036 0.08756791127665532
9.853257525790426 0.5866045452654476 2.0044253145722024 0.10210508549926198
10.189654363962923 0.19677161404145438 1.781051150217877 0.10326183062776507
10.294406887872267 0.12603708301276534 1.7122759103418392 0.03755073251638271
9.758084357749102 0.7058478596066269 1.8011360520710387 0.048589221254010106
9.994950183580062 0.2896965891351138 1.9944798658440168 0.03786654813950715
10.138614576403656 0.2707890372965592 1.8366220453508004 0.023997170218461886
10.080295488080955 0.31244319611702415 1.687357517597413 0.0637684201960318
10.125766909751198 0.35906228764815834 1.880885393322711 0.034679344537163564
9.817217617319862 0.6985394834440406 1.9017116364275481 0.05880107627289825
9.865549564079572 0.6005735662117645 2.20101583472441 0.2393183594839734
9.787190724220372 0.7568491570276269 1.8174995094591226 0.2891175001107714
9.974528411599426 0.41878044205642445 1.5746999955669791 0.0344645389053839
10.166973005815116 0.28799226707042336 2.00102550771204 0.014812349587048933
9.938064430712798 0.5361381448109744 1.9823583729671845 0.04653646766459704
10.136239932151748 0.3442559074294353 1.952316065478783 0.04112356298715051
9.876066034379207 0.6523350353745089 1.8875069535074658 0.019030768983675728
9.832564352778498 0.6489623356242695 1.852908719053795 0.03414864096494147
10.021975896629337 0.40152109592094626 1.9126339279676527 0.0851666968156793
9.7618271796767 0.8190349726978179 2.0709046530303152 0.017193787930194385
9.874531485855229 0.5350993453272227 2.102031354294045 0.012206796650978903
9.875278626682462 0.7183688859213572 2.082047726553855 0.056029436225583415
9.8301763668566 0.5403901250112967 1.6267336297106842 0.26524892700481617
9.907217443006777 0.4578362032553844 1.847823431613196 0.06941290329743313
9.764189514908944 0.6914152572022771 1.8959282737775343 0.030219815974329312
9.802437411680733 0.557753193073554 1.7245422512923996 0.0616413519590648
10.02701117687643 0.3244060247277569 1.6331201496858212 0.030415623906902986
9.953659435326397 0.44269486000043834 1.8467177817482776 0.034236420691116556
10.03312422136106 0.40127059282586963 1.918592675727124 0.021045303636872268
9.984413717576885 0.39347646651347756 1.9111595814370717 0.0344748455547379
9.889926724111277 0.5918240964089982 1.9399916119446772 0.040155596147848784
9.947901768584524 0.5225068142679489 1.9439219293298082 0.1149383867943757
9.907178941498303 0.4705083967626014 1.853674490864929 0.018347743879632686
9.906924000164578 0.5281224718974536 1.6532716246238086 0.26155941759709084
9.84551247692182 0.5099944706113381 1.798465262157272 0.02904696827777646
10.05512559823191 0.38023200894959036 1.7763294800953733 0.032771464816928636
