8.617030140597063 0.20009964962551402 1.519996498196048 0.0716113775519832
8.901030541557514 0.2000996496255134 1.881560059573723 0.034927865654081354
8.633030507046424 0.2000996496255136 1.7835157474231826 0.044005363103007705
9.029030421394546 0.2000996496255136 2.0056875070511113 0.04109738715408698
8.353030197698313 0.20009964962551433 1.7755991603120138 0.0687603952820897
8.917030145067411 0.20009964962551327 1.8610181391535934 0.03620646451190314
9.029030421394546 0.2000996496255136 1.605070819485122 0.053593097226656505
8.68903026374026 0.20009964962551371 1.57716108593086 0.04832202502322427
9.053030208129126 0.20009964962551346 1.9634802211322877 0.021142502464695657
9.349030120987134 0.20009964962551288 2.0711385058052394 0.037488016112187245
9.001030543047628 0.20009964962551377 2.069197456688007 0.024951691811894466
9.293030364293298 0.20009964962551363 2.1206600898911376 0.021681978760118816
9.133030514497005 0.20009964962551346 1.861442269336272 0.04179145851110195
8.64102992733164 0.20009964962551371 1.7204177776425744 0.08437737263829495
9.23303051598712 0.2000996496255136 1.9734556298121673 0.029247551727592778
8.433030504066192 0.20009964962551324 1.8921163106619439 0.0419430744081876
8.349030106085973 0.20009964962551288 1.9906443858806793 0.06857183536027792
8.565030475515567 0.20009964962551413 1.5970718987111552 0.0480130672114533
8.353030197698313 0.20009964962551433 2.0341249638062235 0.2686299492481977
9.457030305701931 0.2000996496255131 2.1490254089811467 0.04938861907798084
8.881030083495812 0.2000996496255134 1.7122225656241077 0.03691545655861668
9.14503002639456 0.2000996496255137 2.0821228080648155 0.03364692133623678
8.833030510026656 0.20009964962551371 1.881622953009577 0.05850673420432664
9.593030368763646 0.2000996496255131 1.9416374785064063 0.033574145288120374
8.829030418414316 0.20009964962551327 1.6095645945844217 0.04833777262220127
9.169029813129141 0.20009964962551355 1.8220665395287405 0.2630474509320882
8.989030268210609 0.2000996496255137 1.8826801229481542 0.04785231466029184
8.601030537087166 0.20009964962551374 1.5214984357618373 0.0590948569774917
9.153030209619242 0.20009964962551358 1.7429641985185111 0.043859794554505366
9.245030027884678 0.2000996496255136 2.1015173658505715 0.035817625371343594
8.64503001894398 0.20009964962551327 1.816183779164794 0.04634659839704855
9.277029997843936 0.20009964962551355 1.996936735900928 0.02119007961434503
9.49303036727353 0.20009964962551402 1.9895582834463286 0.03288599271583684
8.537029834229184 0.20009964962551344 1.893121627543544 0.058176877120940045
9.18903027119084 0.20009964962551346 1.712464584715832 0.0390320687965859
9.225030332762442 0.20009964962551358 1.9811601307296756 0.031846833499989576
8.709029958862498 0.20009964962551388 1.8069989515761962 0.05398457453342616
9.305029876190854 0.20009964962551346 1.961642151471518 0.03863407044526467
8.857030296761234 0.20009964962551352 1.5158099290600129 0.25292706540706567
8.789030265230377 0.20009964962551338 1.8809629708787943 0.06814457035005494
9.073029903251363 0.2000996496255136 2.037621971987421 0.05546675940265807
9.397030457395754 0.20009964962551308 2.1876692727370557 0.057531903499237196
8.613030048984722 0.20009964962551333 1.2833497407046417 0.2908013753073907
9.297030455905638 0.20009964962551355 1.9249703554678081 0.021088860093709617
8.68103008051558 0.2000996496255131 1.9018982399989308 0.03261047900122234
8.977029993373588 0.2000996496255134 1.8534391375726236 0.03671067787339507
9.057030299741465 0.20009964962551363 2.0692421518750344 0.053202762496726605
9.005029871720508 0.20009964962551366 1.7960845930944662 0.050879141983360625
8.713030050474838 0.20009964962551355 1.9956867076264073 0.1034266966575352
8.95303020663901 0.2000996496255133 1.6749040085732345 0.046615947052334857
9.177029996353822 0.2000996496255134 1.780497902267178 0.03213400020842483
9.349030120987134 0.20009964962551288 1.8470012608194073 0.07191482423291169
8.713030050474838 0.20009964962551355 1.6917336019546347 0.040663934168052245
9.333030517477237 0.20009964962551352 2.107624705348392 0.03530040847682542
9.18103008796616 0.20009964962551355 1.6811955147527113 0.02921303216682312
9.321030242640216 0.20009964962551346 2.0028096225809193 0.05532147778153732
9.381030090946393 0.20009964962551272 1.949499539027523 0.02101807363173684
8.845030021924213 0.2000996496255133 1.9104605492498008 0.03323108716380191
9.221030241150102 0.20009964962551344 1.8513871825823676 0.03783086966850563
9.133030514497005 0.20009964962551346 1.9588877173413461 0.23462292711872787
9.117030148047643 0.20009964962551358 1.86207491425021 0.02862730839795448
8.609029957372382 0.20009964962551408 1.672653578944482 0.0402160289412335
9.18103008796616 0.20009964962551355 1.8544082331307534 0.030986637805061817
8.6370298357193 0.2000996496255136 1.5652536888939286 0.08512368801492597
9.193030362803183 0.20009964962551358 1.6018341696686225 0.2794313399330526
9.437029847640229 0.20009964962551352 1.960053115917215 0.03729950121980126
9.797030463356219 0.20009964962551377 2.188308102346354 0.007777221725968529
9.589030277151306 0.20009964962551355 1.77163599275499 0.02978318733649957
9.101030544537748 0.20009964962551338 1.817416991480401 0.04759641176231808
9.089030269700723 0.20009964962551344 1.915340268084536 0.03808911549751409
9.517030154008108 0.20009964962551416 2.0348309327925476 0.04429035800138296
9.465030488926612 0.20009964962551335 1.836634386149458 0.04671589118896952
8.99703045143529 0.20009964962551352 1.768399582718895 0.04938071478394377
8.68903026374026 0.20009964962551371 1.8471535237492889 0.0637878529495175
8.965030481476031 0.20009964962551338 1.8851461086286962 0.055607702338541384
8.745030020434097 0.20009964962551313 1.8935517156057389 0.07206759740416216
8.977029993373588 0.2000996496255134 1.8185693164083407 0.25792636752685016
9.457030305701931 0.2000996496255131 1.734911399256348 0.045498827018682735
8.361030380922994 0.20009964962551408 1.727302282899626 0.08141570844213541
9.49303036727353 0.20009964962551402 1.853709488296523 0.04413105059149219
9.421030244130332 0.2000996496255129 1.9942276326686355 0.029819261379209847
9.117030148047643 0.20009964962551358 1.9314511566961086 0.026676881023768275
8.72103023369952 0.20009964962551322 1.5940773328438242 0.04779630289880791
9.385030182558733 0.20009964962551377 2.0475369174297096 0.018819713637901237
9.49703045888587 0.20009964962551374 2.0520819097117826 0.027472865757443676
9.285030181068617 0.2000996496255134 1.8296122768040897 0.02773585460043157
8.257030287820537 0.2000996496255136 2.1563667919299023 0.008977574990790525
8.64102992733164 0.20009964962551371 1.7621567224467547 0.038792163129875525
9.057030299741465 0.20009964962551363 1.8653477371154883 0.04099498812682445
8.96103038986369 0.20009964962551338 1.9103566843091035 0.03814808922028888
9.02103023816987 0.20009964962551371 1.9480459086833117 0.040545269166058356
9.469029817599488 0.20009964962551402 1.8527440820887815 0.054908638610524876
8.777029990393356 0.20009964962551355 1.729581146320764 0.03812850990607702
9.17302990474148 0.20009964962551363 2.009271092756469 0.03645399726519008
8.549030109066205 0.20009964962551335 1.2558733926233185 0.12481036028732212
9.369029816109371 0.20009964962551333 1.5207135404077532 0.05541728242886564
9.6770300038044 0.2000996496255134 1.8947719142035169 0.07071100671922526
9.201030546027862 0.20009964962551358 1.7257415364322188 0.059121829148501864
9.117030148047643 0.20009964962551358 1.950482476606054 0.038298474742377464
8.889030266720493 0.20009964962551327 1.113582811197201 0.3277670639222984
8.897030449945174 0.20009964962551333 1.7259088076925944 0.08157337876037697
9.149030118006902 0.2000996496255137 1.874015420138181 0.04522353583785772
9.72503034021302 0.20009964962551316 1.998935395519521 0.047047248867859534
9.409029969293313 0.20009964962551377 1.9473774508606945 0.03671690295009136
8.277029982942775 0.20009964962551344 1.4773445350099919 0.1029673885358203
9.329030425864897 0.20009964962551346 1.9449496586330997 0.09923235366666436
9.105029873210622 0.20009964962551346 1.9829226932140114 0.0404356842492451
9.361030395824155 0.200099649625513 1.917853792966221 0.019021107069597136
9.329030425864897 0.20009964962551346 2.0396241271973197 0.10526580320912217
9.065030482966149 0.2000996496255136 1.8108682805705103 0.08863835058991773
9.017030146557527 0.2000996496255137 1.9110131569340005 0.07094086347217811
8.889030266720493 0.20009964962551327 1.7854894083553368 0.032667043343565905
9.033030513006887 0.2000996496255136 1.9128581524008121 0.04965016630694291
8.593030353862485 0.20009964962551396 2.0324028805980263 0.041404541072345494
9.033030513006887 0.2000996496255136 1.9597327069788826 0.023213173913355107
9.085030178088386 0.2000996496255136 1.8497375299919063 0.038306137632796784
8.417030137616832 0.20009964962551421 1.7897782727739089 0.04037629242292572
8.99303035982295 0.20009964962551366 1.4344411785448927 0.06575209194171075
8.72103023369952 0.20009964962551322 2.0815238147149757 0.04839414107245197
8.68103008051558 0.2000996496255131 1.865340029004823 0.0920432924911482
8.321030227739055 0.20009964962551344 1.5427965561510653 0.06788272790960571
8.289030257779796 0.20009964962551358 1.7082127272720677 0.03930738631541572
9.157030301231583 0.2000996496255136 1.9902413050872154 0.06550519463989897
9.545030032355026 0.20009964962551394 1.9332724797105065 0.091526334058917
8.133030499595844 0.20009964962551355 1.6380760516820154 0.047437907690968596
8.857030296761234 0.20009964962551352 1.869751372537387 0.03029248024814728
9.013030054945185 0.20009964962551374 1.9722516943811255 0.02125947519783586
9.433030518967353 0.20009964962551288 1.9344586639919186 0.03202095655569385
8.697030446964941 0.2000996496255137 1.9933772182659557 0.01302138946831846
9.337029846150113 0.20009964962551344 2.188003083802528 0.027203619137731425
8.737029837209416 0.2000996496255138 1.8331841694984048 0.038391133114757454
8.769029807168675 0.20009964962551352 1.7571943309533615 0.05770655582306595
9.261030394334039 0.20009964962551363 1.9213485159704333 0.03405980915008117
8.873029900271131 0.20009964962551377 1.879169672603063 0.031112894527469407
8.745030020434097 0.20009964962551313 1.6760088436973295 0.050914455854980806
9.029030421394546 0.2000996496255136 1.8686954825528141 0.029365336321174464
8.853030205148894 0.2000996496255137 1.8082771928578292 0.02488019219997652
9.273029906231596 0.20009964962551346 1.87090360453952 0.03643871498915445
9.25303021110936 0.20009964962551363 1.8739337298912224 0.07856442240499989
8.95303020663901 0.2000996496255133 2.0333889816147686 0.09239718786932877
9.133030514497005 0.20009964962551346 2.076367782839085 0.0683670600238798
9.305029876190854 0.20009964962551346 1.930884247043493 0.049175701154005935
8.829030418414316 0.20009964962551327 2.074111939522434 0.046870262688591235
8.125030316371163 0.2000996496255134 1.6482378793222612 0.045068213367527685
9.02503032978221 0.20009964962551344 1.6348386984655003 0.0372286937538211
9.285030181068617 0.2000996496255134 2.0711484255582766 0.04613028212687333
9.477030000824168 0.20009964962551322 2.0959176197738754 0.011963543026675173
8.849030113536553 0.20009964962551335 1.517442116630614 0.25780598418843076
9.089030269700723 0.20009964962551344 1.9286493517586825 0.04022533742407973
9.141029934782221 0.2000996496255134 1.9442819934001225 0.022360001493633933
9.169029813129141 0.20009964962551355 1.7713209034778634 0.04108706370626332
9.329030425864897 0.20009964962551346 1.4882776024968136 0.05005872687928867
9.02103023816987 0.20009964962551371 1.579473476204869 0.0391634419427164
9.969029825050068 0.20009964962551335 2.18391469760608 0.05905650832176652
8.769029807168675 0.20009964962551352 1.7630620861253723 0.043158459621787174
8.893030358332833 0.2000996496255138 1.8957488715970412 0.032469912933949525
8.921030236679751 0.2000996496255136 1.9391627825328699 0.03247891023351621
9.605029880661203 0.20009964962551385 1.9260661561200503 0.037953267309076125
9.49703045888587 0.20009964962551374 1.9401915013778441 0.026264755564747756
9.75703031017228 0.2000996496255136 1.9009447000574649 0.08641609430323956
9.481030092436509 0.2000996496255132 2.014014442296143 0.05931601035191345
9.153030209619242 0.20009964962551358 1.6672244071312874 0.04648526105779292
9.14503002639456 0.2000996496255137 1.9126213856899028 0.03753918842152358
9.361030395824155 0.200099649625513 1.9507563909824492 0.03638962126670624
9.589030277151306 0.20009964962551355 1.9399794589370396 0.028224887619280097
9.18903027119084 0.20009964962551346 1.6237329955679314 0.04053199994710869
9.353030212599474 0.20009964962551305 1.9703737008459583 0.10909953501344254
9.125030331272326 0.20009964962551363 1.6517999779798473 0.029473268299475316
9.245030027884678 0.2000996496255136 2.085252065282066 0.07549422488080154
8.68103008051558 0.2000996496255131 1.9192655313031455 0.02848551538723038
9.645030033845142 0.2000996496255132 1.8762753858124097 0.03493449618106247
8.757030295271118 0.20009964962551371 1.8481567498004272 0.039499424290605295
9.417030152517993 0.20009964962551405 1.5737617709503806 0.10587085278736627
9.205029874700738 0.20009964962551355 1.8240622488134373 0.0988044856689655
9.341029937762453 0.20009964962551377 1.8435002939507872 0.09382134912668895
8.761030386883458 0.20009964962551385 1.566592303061204 0.09735366296793788
9.365030487436496 0.20009964962551405 2.0792995969929504 0.0303200814600282
9.481030092436509 0.2000996496255132 1.8671224060644256 0.08074806368450597
8.449030107576089 0.20009964962551288 1.6710817650120444 0.03202415459931967
8.16103037794276 0.20009964962551338 1.735288853678696 0.050251070484881935
8.777029990393356 0.20009964962551355 1.8325861551703444 0.08206706279515097
9.72503034021302 0.20009964962551316 1.935193222343253 0.029345130951745745
9.465030488926612 0.20009964962551335 1.8876889751046595 0.04371816621694445
9.361030395824155 0.200099649625513 1.4425848416322262 0.2652003778652054
9.849030128437715 0.20009964962551358 2.0369321352246375 0.09023086094930872
9.72103024860068 0.20009964962551322 1.5925978672929915 0.049833851400339135
9.457030305701931 0.2000996496255131 2.0762908993412204 0.09007542519003763
8.857030296761234 0.20009964962551352 1.6259790516144976 0.05257743382374737
8.45303019918843 0.20009964962551327 1.7164242506708904 0.03432093168848892
9.133030514497005 0.20009964962551346 1.877958845487372 0.033400722435952365
9.22903042437478 0.20009964962551344 1.9141019052103911 0.050589573338540875
9.357030304211815 0.20009964962551438 1.7608612396151764 0.02762830156358454
9.033030513006887 0.2000996496255136 1.879541058754579 0.025757538905713008
8.989030268210609 0.2000996496255137 1.7565781001491536 0.0905896704979814
7.925030313390931 0.2000996496255137 1.8036046047547731 0.049122141640415784
9.045030024904444 0.2000996496255137 1.9265828963435374 0.03842590518004071
9.473029909211828 0.20009964962551302 1.9360267244845437 0.027459835215357477
8.985030176598269 0.20009964962551346 1.9700724660445565 0.01956646659452221
8.785030173618036 0.20009964962551346 1.777316916736307 0.041676474581238875
9.02503032978221 0.20009964962551344 1.6198282405481403 0.04750155821353607
9.18903027119084 0.20009964962551346 2.0875205308658553 0.09046788388357131
9.577030002314284 0.2000996496255131 2.0166520560475516 0.04664656397150583
8.989030268210609 0.2000996496255137 1.7199882212115578 0.045035451904364115
8.221030226248939 0.2000996496255136 1.52758995305662 0.061066339952208615
9.517030154008108 0.20009964962551416 2.1315470886223076 0.023376650984974198
8.809029960352614 0.20009964962551344 1.7344508763036512 0.07773453616800065
9.117030148047643 0.20009964962551358 1.8630096119326385 0.08467294931259757
8.425030320841511 0.20009964962551402 1.9495765223399075 0.060319140628976566
9.193030362803183 0.20009964962551358 2.1131298938610543 0.03016183700431125
9.005029871720508 0.20009964962551366 1.8040154665734869 0.037158765202370825
9.521030245620448 0.20009964962551305 1.8986213033273094 0.0450546081403413
8.99703045143529 0.20009964962551352 1.7298505557439743 0.03738412782929956
8.22903040947362 0.20009964962551344 1.6751800731720736 0.25795666232044573
9.209029966313079 0.20009964962551363 1.9230503770445762 0.022882057112005333
8.781030082005696 0.20009964962551358 2.03118653917036 0.08756791127665532
9.02503032978221 0.20009964962551344 2.0044253145722024 0.10210508549926198
8.173029889840318 0.20009964962551355 1.781051150217877 0.10326183062776507
8.233030501085961 0.20009964962551355 1.7122759103418392 0.03755073251638271
8.889030266720493 0.20009964962551327 1.8011360520710387 0.048589221254010106
8.593030353862485 0.20009964962551396 1.9944798658440168 0.03786654813950715
8.573029895800783 0.20009964962551394 1.8366220453508004 0.023997170218461886
8.805029868740274 0.2000996496255138 1.687357517597413 0.0637684201960318
9.117030148047643 0.20009964962551358 1.880885393322711 0.034679344537163564
9.517030154008108 0.20009964962551416 1.9017116364275481 0.05880107627289825
9.281030089456276 0.20009964962551338 2.20101583472441 0.2393183594839734
9.109029964822962 0.20009964962551335 1.8174995094591226 0.2891175001107714
8.67702998890324 0.2000996496255135 1.5746999955669791 0.0344645389053839
8.865030479985915 0.20009964962551366 2.00102550771204 0.014812349587048933
9.245030027884678 0.2000996496255136 1.9823583729671845 0.04653646766459704
9.077029994863704 0.20009964962551335 1.952316065478783 0.04112356298715051
9.385030182558733 0.20009964962551377 1.8875069535074658 0.019030768983675728
9.293030364293298 0.20009964962551363 1.852908719053795 0.03414864096494147
9.065030482966149 0.2000996496255136 1.9126339279676527 0.0851666968156793
9.461030397314271 0.20009964962551333 2.0709046530303152 0.017193787930194385
9.041029933292105 0.20009964962551358 2.102031354294045 0.012206796650978903
9.685030187029081 0.20009964962551322 2.082047726553855 0.056029436225583415
8.581030079025464 0.20009964962551294 1.6267336297106842 0.26524892700481617
8.693030355352601 0.2000996496255132 1.847823431613196 0.06941290329743313
8.781030082005696 0.20009964962551358 1.8959282737775343 0.030219815974329312
8.697030446964941 0.2000996496255137 1.7245422512923996 0.0616413519590648
8.941029931801989 0.20009964962551374 1.6331201496858212 0.030415623906902986
9.049030116516787 0.20009964962551352 1.8467177817482776 0.034236420691116556
9.069029811639023 0.2000996496255134 1.918592675727124 0.021045303636872268
8.893030358332833 0.2000996496255138 1.9111595814370717 0.0344748455547379
8.977029993373588 0.2000996496255134 1.9399916119446772 0.040155596147848784
8.977029993373588 0.2000996496255134 1.9439219293298082 0.1149383867943757
9.197030454415522 0.20009964962551363 1.853674490864929 0.018347743879632686
8.901030541557514 0.2000996496255134 1.6532716246238086 0.26155941759709084
9.013030054945185 0.20009964962551374 1.798465262157272 0.02904696827777646
8.825030326801976 0.20009964962551327 1.7763294800953733 0.032771464816928636
