9.617030140597063 0.20009964962551405 1.8624191790182545 0.0716113775519832
9.901030541557514 0.20009964962551338 2.2239827403959294 0.034927865654081354
9.633030507046424 0.2000996496255136 2.125938428245389 0.0440053631030077
10.029030421394546 0.2000996496255136 2.3481101878733175 0.04109738715408698
9.353030197698313 0.2000996496255143 2.11802184113422 0.06876039528208971
9.917030145067411 0.20009964962551327 2.2034408199757998 0.036206464511903146
10.029030421394546 0.2000996496255136 1.9474935003073282 0.053593097226656505
9.68903026374026 0.2000996496255137 1.9195837667530662 0.04832202502322427
10.053030208129126 0.2000996496255135 2.305902901954494 0.02114250246469566
10.349030120987134 0.20009964962551285 2.4135611866274456 0.03748801611218725
10.001030543047628 0.20009964962551377 2.411620137510213 0.024951691811894466
10.293030364293298 0.20009964962551363 2.463082770713344 0.02168197876011882
10.133030514497005 0.2000996496255134 2.2038649501584784 0.04179145851110195
9.64102992733164 0.20009964962551374 2.062840458464781 0.08437737263829495
10.23303051598712 0.20009964962551358 2.3158783106343734 0.029247551727592774
9.433030504066192 0.20009964962551324 2.23453899148415 0.0419430744081876
9.349030106085973 0.2000996496255129 2.3330670667028857 0.06857183536027792
9.565030475515567 0.20009964962551413 1.9394945795333614 0.04801306721145329
9.353030197698313 0.2000996496255143 2.37654764462843 0.2686299492481977
10.457030305701931 0.2000996496255131 2.491448089803353 0.049388619077980846
9.881030083495812 0.20009964962551344 2.054645246446314 0.03691545655861668
10.14503002639456 0.2000996496255137 2.4245454888870217 0.03364692133623678
9.833030510026656 0.20009964962551374 2.224045633831783 0.058506734204326644
10.593030368763646 0.20009964962551313 2.2840601593286127 0.03357414528812037
9.829030418414316 0.20009964962551327 1.951987275406628 0.04833777262220127
10.169029813129141 0.20009964962551355 2.164489220350947 0.2630474509320882
9.989030268210609 0.2000996496255137 2.2251028037703606 0.04785231466029185
9.601030537087166 0.20009964962551377 1.8639211165840437 0.05909485697749169
10.153030209619242 0.2000996496255136 2.0853868793407173 0.04385979455450537
10.245030027884678 0.20009964962551358 2.4439400466727776 0.03581762537134359
9.64503001894398 0.2000996496255133 2.158606459987 0.046346598397048556
10.277029997843936 0.20009964962551355 2.339359416723134 0.02119007961434503
10.49303036727353 0.200099649625514 2.331980964268535 0.03288599271583684
9.537029834229184 0.20009964962551344 2.2355443083657502 0.05817687712094005
10.189030271190841 0.20009964962551346 2.054887265538038 0.0390320687965859
10.225030332762442 0.20009964962551358 2.3235828115518817 0.031846833499989576
9.709029958862498 0.20009964962551385 2.1494216323984023 0.05398457453342616
10.305029876190854 0.20009964962551346 2.3040648322937245 0.03863407044526467
9.857030296761234 0.2000996496255135 1.8582326098822193 0.2529270654070657
9.789030265230377 0.20009964962551338 2.2233856517010007 0.06814457035005494
10.073029903251363 0.20009964962551366 2.380044652809627 0.05546675940265808
10.397030457395754 0.2000996496255131 2.530091953559262 0.0575319034992372
9.613030048984722 0.2000996496255133 1.6257724215268479 0.29080137530739075
10.297030455905638 0.20009964962551355 2.2673930362900143 0.021088860093709617
9.68103008051558 0.20009964962551305 2.244320920821137 0.03261047900122233
9.977029993373588 0.2000996496255134 2.19586181839483 0.03671067787339507
10.057030299741465 0.20009964962551363 2.411664832697241 0.053202762496726605
10.005029871720508 0.20009964962551366 2.1385072739166726 0.050879141983360625
9.713030050474838 0.20009964962551358 2.3381093884486135 0.1034266966575352
9.95303020663901 0.20009964962551327 2.0173266893954405 0.046615947052334857
10.177029996353822 0.2000996496255134 2.1229205830893845 0.03213400020842482
10.349030120987134 0.20009964962551285 2.1894239416416132 0.0719148242329117
9.713030050474838 0.20009964962551358 2.034156282776841 0.040663934168052245
10.333030517477237 0.20009964962551352 2.4500473861705987 0.03530040847682542
10.18103008796616 0.20009964962551358 2.0236181955749175 0.029213032166823125
10.321030242640216 0.20009964962551346 2.3452323034031255 0.05532147778153732
10.381030090946393 0.20009964962551272 2.291922219849729 0.021018073631736845
9.845030021924213 0.2000996496255133 2.252883230072007 0.03323108716380191
10.221030241150102 0.20009964962551346 2.193809863404574 0.03783086966850562
10.133030514497005 0.2000996496255134 2.3013103981635523 0.23462292711872787
10.117030148047643 0.20009964962551358 2.204497595072416 0.028627308397954472
9.609029957372382 0.20009964962551405 2.0150762597666882 0.0402160289412335
10.18103008796616 0.20009964962551358 2.19683091395296 0.03098663780506182
9.6370298357193 0.2000996496255136 1.9076763697161347 0.08512368801492598
10.193030362803183 0.2000996496255136 1.9442568504908286 0.27943133993305264
10.437029847640229 0.20009964962551355 2.3024757967394214 0.03729950121980126
10.797030463356219 0.20009964962551377 2.5307307831685604 0.007777221725968529
10.589030277151306 0.20009964962551358 2.1140586735771962 0.02978318733649957
10.101030544537748 0.20009964962551338 2.159839672302607 0.047596411762318075
10.089030269700723 0.20009964962551344 2.257762948906742 0.03808911549751409
10.517030154008108 0.20009964962551416 2.3772536136147537 0.04429035800138297
10.465030488926612 0.20009964962551335 2.1790570669716645 0.04671589118896953
9.99703045143529 0.2000996496255135 2.110822263541101 0.04938071478394377
9.68903026374026 0.2000996496255137 2.189576204571495 0.0637878529495175
9.965030481476031 0.20009964962551338 2.2275687894509026 0.05560770233854139
9.745030020434097 0.20009964962551316 2.2359743964279453 0.07206759740416216
9.977029993373588 0.2000996496255134 2.160991997230547 0.25792636752685016
10.457030305701931 0.2000996496255131 2.0773340800785545 0.045498827018682735
9.361030380922994 0.20009964962551408 2.0697249637218325 0.08141570844213541
10.49303036727353 0.200099649625514 2.196132169118729 0.044131050591492194
10.421030244130332 0.2000996496255129 2.336650313490842 0.029819261379209844
10.117030148047643 0.20009964962551358 2.2738738375183147 0.026676881023768275
9.72103023369952 0.20009964962551322 1.9365000136660306 0.0477963028988079
10.385030182558733 0.2000996496255138 2.3899595982519157 0.01881971363790124
10.49703045888587 0.20009964962551374 2.3945045905339892 0.027472865757443673
10.285030181068617 0.2000996496255134 2.172034957626296 0.02773585460043157
9.257030287820537 0.20009964962551358 2.4987894727521085 0.008977574990790525
9.64102992733164 0.20009964962551374 2.104579403268961 0.038792163129875525
10.057030299741465 0.20009964962551363 2.2077704179376947 0.04099498812682445
9.96103038986369 0.2000996496255134 2.2527793651313095 0.03814808922028889
10.02103023816987 0.20009964962551371 2.290468589505518 0.040545269166058356
10.469029817599488 0.20009964962551402 2.1951667629109877 0.054908638610524876
9.777029990393356 0.20009964962551355 2.07200382714297 0.03812850990607702
10.17302990474148 0.20009964962551363 2.3516937735786754 0.03645399726519007
9.549030109066205 0.2000996496255134 1.5982960734455247 0.12481036028732213
10.369029816109371 0.20009964962551338 1.8631362212299596 0.05541728242886565
10.6770300038044 0.2000996496255134 2.237194595025723 0.07071100671922524
10.201030546027862 0.20009964962551355 2.068164217254425 0.05912182914850187
10.117030148047643 0.20009964962551358 2.2929051574282604 0.03829847474237746
9.889030266720493 0.20009964962551327 1.4560054920194074 0.3277670639222984
9.897030449945174 0.2000996496255133 2.0683314885148008 0.08157337876037697
10.149030118006902 0.20009964962551366 2.2164381009603873 0.045223535837857716
10.72503034021302 0.2000996496255132 2.341358076341727 0.047047248867859534
10.409029969293313 0.20009964962551377 2.2898001316829006 0.036716902950091355
9.277029982942775 0.2000996496255134 1.819767215832198 0.10296738853582031
10.329030425864897 0.20009964962551346 2.287372339455306 0.09923235366666436
10.105029873210622 0.20009964962551346 2.3253453740362175 0.0404356842492451
10.361030395824155 0.20009964962551297 2.2602764737884273 0.019021107069597136
10.329030425864897 0.20009964962551346 2.382046808019526 0.10526580320912216
10.065030482966149 0.20009964962551363 2.1532909613927167 0.08863835058991773
10.017030146557527 0.20009964962551366 2.2534358377562067 0.07094086347217811
9.889030266720493 0.20009964962551327 2.127912089177543 0.032667043343565905
10.033030513006887 0.2000996496255136 2.2552808332230185 0.04965016630694291
9.593030353862485 0.20009964962551396 2.3748255614202325 0.041404541072345494
10.033030513006887 0.2000996496255136 2.302155387801089 0.02321317391335511
10.085030178088386 0.20009964962551358 2.1921602108141127 0.038306137632796784
9.417030137616832 0.2000996496255142 2.132200953596115 0.04037629242292572
9.99303035982295 0.20009964962551366 1.776863859367099 0.06575209194171075
9.72103023369952 0.20009964962551322 2.423946495537182 0.04839414107245198
9.68103008051558 0.20009964962551305 2.207762709827029 0.0920432924911482
9.321030227739055 0.20009964962551346 1.8852192369732714 0.06788272790960571
9.289030257779796 0.20009964962551355 2.050635408094274 0.03930738631541573
10.157030301231583 0.20009964962551363 2.332663985909422 0.06550519463989897
10.545030032355026 0.20009964962551394 2.2756951605327127 0.09152633405891701
9.133030499595844 0.20009964962551352 1.9804987325042218 0.047437907690968596
9.857030296761234 0.2000996496255135 2.2121740533595933 0.03029248024814728
10.013030054945185 0.20009964962551371 2.3146743752033316 0.021259475197835855
10.433030518967353 0.20009964962551288 2.2768813448141247 0.03202095655569385
9.697030446964941 0.2000996496255137 2.335799899088162 0.01302138946831846
10.337029846150113 0.20009964962551346 2.5304257646247343 0.027203619137731422
9.737029837209416 0.2000996496255138 2.175606850320611 0.038391133114757454
9.769029807168675 0.20009964962551355 2.099617011775568 0.05770655582306594
10.261030394334039 0.2000996496255136 2.2637711967926397 0.03405980915008118
9.873029900271131 0.20009964962551374 2.2215923534252693 0.03111289452746941
9.745030020434097 0.20009964962551316 2.018431524519536 0.05091445585498081
10.029030421394546 0.2000996496255136 2.2111181633750205 0.029365336321174468
9.853030205148894 0.2000996496255137 2.1506998736800353 0.02488019219997652
10.273029906231596 0.2000996496255135 2.213326285361726 0.03643871498915445
10.25303021110936 0.2000996496255136 2.216356410713429 0.07856442240499988
9.95303020663901 0.20009964962551327 2.375811662436975 0.09239718786932877
10.133030514497005 0.2000996496255134 2.418790463661291 0.0683670600238798
10.305029876190854 0.20009964962551346 2.273306927865699 0.04917570115400593
9.829030418414316 0.20009964962551327 2.41653462034464 0.04687026268859123
9.125030316371163 0.20009964962551344 1.9906605601444676 0.045068213367527685
10.02503032978221 0.20009964962551344 1.9772613792877067 0.0372286937538211
10.285030181068617 0.2000996496255134 2.413571106380483 0.046130282126873326
10.477030000824168 0.20009964962551322 2.4383403005960815 0.011963543026675173
9.849030113536553 0.20009964962551338 1.8598647974528204 0.25780598418843076
10.089030269700723 0.20009964962551344 2.271072032580889 0.04022533742407973
10.141029934782221 0.2000996496255134 2.2867046742223285 0.022360001493633933
10.169029813129141 0.20009964962551355 2.1137435843000696 0.04108706370626332
10.329030425864897 0.20009964962551346 1.83070028331902 0.05005872687928867
10.02103023816987 0.20009964962551371 1.9218961570270754 0.03916344194271639
10.969029825050068 0.20009964962551335 2.5263373784282868 0.059056508321766524
9.769029807168675 0.20009964962551355 2.1054847669475785 0.043158459621787174
9.893030358332833 0.20009964962551377 2.2381715524192476 0.03246991293394952
9.921030236679751 0.20009964962551363 2.2815854633550763 0.03247891023351622
10.605029880661203 0.20009964962551385 2.2684888369422564 0.03795326730907613
10.49703045888587 0.20009964962551374 2.2826141822000503 0.026264755564747753
10.75703031017228 0.2000996496255136 2.243367380879671 0.08641609430323957
10.481030092436509 0.2000996496255132 2.356437123118349 0.059316010351913466
10.153030209619242 0.2000996496255136 2.0096470879534936 0.04648526105779292
10.14503002639456 0.2000996496255137 2.255044066512109 0.03753918842152358
10.361030395824155 0.20009964962551297 2.2931790718046554 0.03638962126670624
10.589030277151306 0.20009964962551358 2.2824021397592458 0.028224887619280093
10.189030271190841 0.20009964962551346 1.9661556763901376 0.040531999947108696
10.353030212599474 0.20009964962551302 2.3127963816681647 0.10909953501344254
10.125030331272326 0.2000996496255136 1.9942226588020537 0.029473268299475313
10.245030027884678 0.20009964962551358 2.4276747461042727 0.07549422488080156
9.68103008051558 0.20009964962551305 2.261688212125352 0.02848551538723038
10.645030033845142 0.2000996496255132 2.218698066634616 0.03493449618106247
9.757030295271118 0.20009964962551371 2.1905794306226336 0.0394994242906053
10.417030152517992 0.20009964962551408 1.9161844517725868 0.10587085278736626
10.205029874700738 0.20009964962551355 2.1664849296356437 0.0988044856689655
10.341029937762453 0.20009964962551377 2.1859229747729936 0.09382134912668896
9.761030386883458 0.20009964962551383 1.9090149838834103 0.09735366296793789
10.365030487436496 0.20009964962551405 2.4217222778151566 0.030320081460028195
10.481030092436509 0.2000996496255132 2.209545086886632 0.08074806368450597
9.449030107576089 0.2000996496255129 2.0135044458342506 0.03202415459931967
9.16103037794276 0.20009964962551335 2.077711534500902 0.050251070484881935
9.777029990393356 0.20009964962551355 2.175008835992551 0.08206706279515098
10.72503034021302 0.2000996496255132 2.2776159031654593 0.029345130951745745
10.465030488926612 0.20009964962551335 2.2301116559268657 0.04371816621694445
10.361030395824155 0.20009964962551297 1.7850075224544326 0.2652003778652054
10.849030128437715 0.20009964962551352 2.3793548160468436 0.09023086094930872
10.72103024860068 0.20009964962551322 1.9350205481151979 0.04983385140033913
10.457030305701931 0.2000996496255131 2.4187135801634265 0.09007542519003763
9.857030296761234 0.2000996496255135 1.9684017324367038 0.052577433823747376
9.45303019918843 0.20009964962551327 2.058846931493097 0.03432093168848891
10.133030514497005 0.2000996496255134 2.2203815263095783 0.033400722435952365
10.22903042437478 0.20009964962551344 2.2565245860325973 0.050589573338540875
10.357030304211815 0.20009964962551438 2.1032839204373825 0.02762830156358454
10.033030513006887 0.2000996496255136 2.2219637395767853 0.025757538905713005
9.989030268210609 0.2000996496255137 2.09900078097136 0.09058967049798139
8.92503031339093 0.2000996496255137 2.1460272855769795 0.049122141640415784
10.045030024904444 0.2000996496255137 2.2690055771657436 0.03842590518004071
10.473029909211828 0.200099649625513 2.27844940530675 0.027459835215357473
9.985030176598269 0.2000996496255135 2.312495146866763 0.01956646659452221
9.785030173618036 0.20009964962551346 2.1197395975585134 0.041676474581238875
10.02503032978221 0.20009964962551344 1.9622509213703465 0.04750155821353606
10.189030271190841 0.20009964962551346 2.4299432116880615 0.09046788388357131
10.577030002314284 0.20009964962551308 2.3590747368697578 0.046646563971505836
9.989030268210609 0.2000996496255137 2.062410902033764 0.04503545190436411
9.221030226248939 0.20009964962551355 1.870012633878826 0.061066339952208615
10.517030154008108 0.20009964962551416 2.4739697694445137 0.023376650984974198
9.809029960352614 0.20009964962551344 2.0768735571258574 0.07773453616800065
10.117030148047643 0.20009964962551358 2.205432292754845 0.08467294931259756
9.425030320841511 0.20009964962551405 2.291999203162114 0.060319140628976566
10.193030362803183 0.2000996496255136 2.4555525746832605 0.030161837004311257
10.005029871720508 0.20009964962551366 2.1464381473956933 0.037158765202370825
10.521030245620448 0.20009964962551308 2.2410439841495156 0.045054608140341304
9.99703045143529 0.2000996496255135 2.0722732365661805 0.03738412782929956
9.22903040947362 0.20009964962551344 2.01760275399428 0.2579566623204457
10.209029966313079 0.2000996496255136 2.2654730578667825 0.022882057112005333
9.781030082005696 0.20009964962551352 2.3736092199925665 0.08756791127665532
10.02503032978221 0.20009964962551344 2.3468479953944086 0.10210508549926198
9.173029889840318 0.20009964962551352 2.123473831040083 0.10326183062776506
9.233030501085961 0.20009964962551355 2.0546985911640454 0.03755073251638271
9.889030266720493 0.20009964962551327 2.143558732893245 0.0485892212540101
9.593030353862485 0.20009964962551396 2.336902546666223 0.03786654813950715
9.573029895800783 0.2000996496255139 2.179044726173007 0.02399717021846189
9.805029868740274 0.20009964962551383 2.029780198419619 0.06376842019603181
10.117030148047643 0.20009964962551358 2.223308074144917 0.034679344537163564
10.517030154008108 0.20009964962551416 2.2441343172497543 0.05880107627289825
10.281030089456276 0.20009964962551338 2.543438515546616 0.23931835948397337
10.109029964822962 0.20009964962551338 2.159922190281329 0.2891175001107714
9.67702998890324 0.20009964962551346 1.9171226763891853 0.0344645389053839
9.865030479985915 0.20009964962551363 2.343448188534246 0.014812349587048933
10.245030027884678 0.20009964962551358 2.324781053789391 0.04653646766459705
10.077029994863704 0.20009964962551338 2.294738746300989 0.041123562987150517
10.385030182558733 0.2000996496255138 2.229929634329672 0.019030768983675728
10.293030364293298 0.20009964962551363 2.195331399876001 0.03414864096494147
10.065030482966149 0.20009964962551363 2.255056608789859 0.08516669681567929
10.461030397314271 0.20009964962551333 2.4133273338525214 0.01719378793019439
10.041029933292105 0.20009964962551358 2.444454035116251 0.012206796650978902
10.685030187029081 0.20009964962551324 2.4244704073760612 0.05602943622558342
9.581030079025464 0.2000996496255129 1.9691563105328904 0.2652489270048161
9.693030355352601 0.20009964962551324 2.1902461124354025 0.06941290329743313
9.781030082005696 0.20009964962551352 2.2383509545997406 0.030219815974329316
9.697030446964941 0.2000996496255137 2.066964932114606 0.06164135195906479
9.941029931801989 0.20009964962551374 1.9755428305080276 0.03041562390690299
10.049030116516787 0.20009964962551355 2.189140462570484 0.034236420691116556
10.069029811639023 0.20009964962551338 2.2610153565493305 0.021045303636872268
9.893030358332833 0.20009964962551377 2.253582262259278 0.0344748455547379
9.977029993373588 0.2000996496255134 2.2824142927668833 0.04015559614784879
9.977029993373588 0.2000996496255134 2.2863446101520144 0.1149383867943757
10.197030454415522 0.20009964962551363 2.196097171687135 0.018347743879632686
9.901030541557514 0.20009964962551338 1.9956943054460148 0.2615594175970908
10.013030054945185 0.20009964962551371 2.1408879429794783 0.029046968277776457
9.825030326801976 0.20009964962551322 2.1187521609175795 0.032771464816928636
