11.058237684175031 0.313502939970441 1.8624191790182545 0.0716113775519832
10.979132743445948 0.4438593552523296 2.2239827403959294 0.034927865654081354
10.969056117189277 0.38567955468139137 2.125938428245389 0.0440053631030077
10.861069689645761 0.6087482388056532 2.3481101878733175 0.04109738715408698
11.017824662490789 0.2987394602324652 2.11802184113422 0.06876039528208971
10.99758579177952 0.4175389066845363 2.2034408199757998 0.036206464511903146
10.762775125884668 0.7503272863238254 1.9474935003073282 0.053593097226656505
10.97347478117254 0.3997139864356867 1.9195837667530662 0.04832202502322427
10.922076127125722 0.5362903236166433 2.305902901954494 0.02114250246469566
10.910626760947766 0.645360196919298 2.4135611866274456 0.03748801611218725
11.108926484909215 0.35347075503853986 2.411620137510213 0.024951691811894466
10.968223777543644 0.5421335045323423 2.463082770713344 0.02168197876011882
10.737633795528133 0.8335605791713621 2.2038649501584784 0.04179145851110195
10.919834449978929 0.4345290327994119 2.062840458464781 0.08437737263829495
10.843905451076417 0.7060417801794382 2.3158783106343734 0.029247551727592774
11.024655718626121 0.3074962191923886 2.23453899148415 0.0419430744081876
11.303472323858065 0.16103856066294098 2.3330670667028857 0.06857183536027792
11.104800082482402 0.2710572468945301 1.9394945795333614 0.04801306721145329
10.967765483759443 0.29725324014793486 2.37654764462843 0.2686299492481977
10.819223196177106 0.7614126563298105 2.491448089803353 0.049388619077980846
10.907945214812129 0.43701965353493216 2.054645246446314 0.03691545655861668
10.77299304885277 0.6748739848834922 2.4245454888870217 0.03364692133623678
11.008774143246326 0.3780609237161398 2.224045633831783 0.058506734204326644
10.946186031305656 0.558384707964851 2.2840601593286127 0.03357414528812037
10.972396971279567 0.37204980751139183 1.951987275406628 0.04833777262220127
10.962751570231791 0.4464953936510653 2.164489220350947 0.2630474509320882
11.045488027401602 0.35224029911924964 2.2251028037703606 0.04785231466029185
10.952549234085545 0.395943392307391 1.8639211165840437 0.05909485697749169
10.881261951058818 0.5091449679872998 2.0853868793407173 0.04385979455450537
10.807644736523109 0.6917064538451847 2.4439400466727776 0.03581762537134359
11.09607788095848 0.24422063848065836 2.158606459987 0.046346598397048556
11.142106409824908 0.3787149467992563 2.339359416723134 0.02119007961434503
10.817738960912395 0.6907412743656288 2.331980964268535 0.03288599271583684
11.148308537873493 0.24970744218703453 2.2355443083657502 0.05817687712094005
11.08127277560345 0.332131162976666 2.054887265538038 0.0390320687965859
10.822075101793144 0.6647033525231406 2.3235828115518817 0.031846833499989576
10.791308297121338 0.5465709796590443 2.1494216323984023 0.05398457453342616
10.784072155757055 0.7522818569445043 2.3040648322937245 0.03863407044526467
10.823207760375361 0.5537325764307776 1.8582326098822193 0.2529270654070657
11.080567220934277 0.3266252184876626 2.2233856517010007 0.06814457035005494
10.834803231365425 0.5441446478186402 2.380044652809627 0.05546675940265808
10.840177970150911 0.7483717990525555 2.530091953559262 0.0575319034992372
11.18084711445038 0.223207742865189 1.6257724215268479 0.29080137530739075
10.800238496053865 0.6514550301603703 2.2673930362900143 0.021088860093709617
11.007228205235075 0.31778070826631033 2.244320920821137 0.03261047900122233
11.061073778162235 0.33633251081473087 2.19586181839483 0.03671067787339507
10.883156997256027 0.518263832487662 2.411664832697241 0.053202762496726605
10.77308950551851 0.634982725416935 2.1385072739166726 0.050879141983360625
11.308838750454333 0.1949723247422351 2.3381093884486135 0.1034266966575352
10.882497775308492 0.4397961661971087 2.0173266893954405 0.046615947052334857
10.82746522060293 0.6067494426556049 2.1229205830893845 0.03213400020842482
10.98889440811413 0.5121577116007027 2.1894239416416132 0.0719148242329117
10.879938532026378 0.43103213938139706 2.034156282776841 0.040663934168052245
11.013561043843252 0.4719546409140611 2.4500473861705987 0.03530040847682542
10.968777681417436 0.49808762071843277 2.0236181955749175 0.029213032166823125
10.888909186426481 0.5784232585939163 2.3452323034031255 0.05532147778153732
11.011072532517213 0.4593581253028239 2.291922219849729 0.021018073631736845
10.949667824335679 0.39337691794427093 2.252883230072007 0.03323108716380191
10.846519810510719 0.599003057079834 2.193809863404574 0.03783086966850562
10.827199062448805 0.7342218541824865 2.3013103981635523 0.23462292711872787
10.838702353339228 0.5749815552658588 2.204497595072416 0.028627308397954472
10.981849442924124 0.34398896595874706 2.0150762597666882 0.0402160289412335
10.931551854027177 0.5003153746084018 2.19683091395296 0.03098663780506182
10.916006859126023 0.3553628660079979 1.9076763697161347 0.08512368801492598
10.815006731887992 0.727604675811209 1.9442568504908286 0.27943133993305264
10.909177319119049 0.6765357949988319 2.3024757967394214 0.03729950121980126
11.0684215110742 0.4721234283520015 2.5307307831685604 0.007777221725968529
10.908146382357526 0.5698031475025859 2.1140586735771962 0.02978318733649957
10.830704035873381 0.5188712445994647 2.159839672302607 0.047596411762318075
10.750965729275284 0.720944161295761 2.257762948906742 0.03808911549751409
10.897011831329197 0.6975009794657197 2.3772536136147537 0.04429035800138297
10.917396460182168 0.5423702367382577 2.1790570669716645 0.04671589118896953
11.00734294198328 0.3571286513258303 2.110822263541101 0.04938071478394377
11.07203522835553 0.33935662113040177 2.189576204571495 0.0637878529495175
10.8977897035879 0.5412659502855168 2.2275687894509026 0.05560770233854139
10.871022097326838 0.5323270166201234 2.2359743964279453 0.07206759740416216
10.766096884972555 0.7458842259019732 2.160991997230547 0.25792636752685016
10.798738697540182 0.8915819497741058 2.0773340800785545 0.045498827018682735
11.14409925037274 0.21971340694448305 2.0697249637218325 0.08141570844213541
10.857507061042469 0.7776623428360356 2.196132169118729 0.044131050591492194
11.052972437347155 0.3965692549613049 2.336650313490842 0.029819261379209844
10.861515336614232 0.6536046182206436 2.2738738375183147 0.026676881023768275
10.826868260723005 0.4407454147879703 1.9365000136660306 0.0477963028988079
10.796015966791387 0.8898560448319898 2.3899595982519157 0.01881971363790124
10.802224311929095 0.6923615396650021 2.3945045905339892 0.027472865757443673
10.865579766763878 0.5450042132655459 2.172034957626296 0.02773585460043157
11.047373603932467 0.23645877789417535 2.4987894727521085 0.008977574990790525
10.927512283648541 0.4311521635592037 2.104579403268961 0.038792163129875525
10.812907497275901 0.6318833672842953 2.2077704179376947 0.04099498812682445
10.704227014908314 0.8072564405317381 2.2527793651313095 0.03814808922028889
10.934561513477176 0.5137990892411827 2.290468589505518 0.040545269166058356
10.830604545898355 0.7864592356241568 2.1951667629109877 0.054908638610524876
11.21355099948028 0.24677844129827156 2.07200382714297 0.03812850990607702
11.102687687044263 0.3110222102355304 2.3516937735786754 0.03645399726519007
10.888940972538187 0.4667230587404886 1.5982960734455247 0.12481036028732213
10.777603556431366 0.6956872941553542 1.8631362212299596 0.05541728242886565
10.9569936834465 0.5647768367094277 2.237194595025723 0.07071100671922524
10.756957164914237 0.6553638855523357 2.068164217254425 0.05912182914850187
10.827164273796376 0.5559190605145687 2.2929051574282604 0.03829847474237746
10.81684805111721 0.5936293129655987 1.4560054920194074 0.3277670639222984
11.033774027628715 0.3927440890665132 2.0683314885148008 0.08157337876037697
10.880719103385458 0.555870685538569 2.2164381009603873 0.045223535837857716
11.019178598642954 0.5741470397106002 2.341358076341727 0.047047248867859534
10.859498816190543 0.7451612942680873 2.2898001316829006 0.036716902950091355
11.21718297530656 0.18818068188899045 1.819767215832198 0.10296738853582031
10.948550228503235 0.6199759219827393 2.287372339455306 0.09923235366666436
10.809374115305705 0.7464741576556048 2.3253453740362175 0.0404356842492451
10.720200946387159 1.026557382756458 2.2602764737884273 0.019021107069597136
10.790186166205348 0.8693509169097076 2.382046808019526 0.10526580320912216
10.815103997016898 0.7201398054410725 2.1532909613927167 0.08863835058991773
10.788153972370138 0.7446228908635035 2.2534358377562067 0.07094086347217811
10.924866035738296 0.5210560834407877 2.127912089177543 0.032667043343565905
11.085542437133746 0.3868592824238146 2.2552808332230185 0.04965016630694291
11.068021016587068 0.32346334252297565 2.3748255614202325 0.041404541072345494
10.903642831930908 0.5748470983886762 2.302155387801089 0.02321317391335511
10.914851846937006 0.58278888366533 2.1921602108141127 0.038306137632796784
11.174150130662557 0.22917354580656552 2.132200953596115 0.04037629242292572
10.87611893765859 0.599692507737577 1.776863859367099 0.06575209194171075
10.78450512980953 0.6433879126601041 2.423946495537182 0.04839414107245198
10.802889732753773 0.6002600276628826 2.207762709827029 0.0920432924911482
11.106370055920538 0.2542696933346614 1.8852192369732714 0.06788272790960571
11.228288729758214 0.19009030399240537 2.050635408094274 0.03930738631541573
10.93576760023351 0.5773597110499181 2.332663985909422 0.06550519463989897
10.898524970464296 0.7584117283289268 2.2756951605327127 0.09152633405891701
11.148031403276224 0.20803397321636707 1.9804987325042218 0.047437907690968596
10.773898773730002 0.7036066121790863 2.2121740533595933 0.03029248024814728
10.783779199253857 0.814092037286016 2.3146743752033316 0.021259475197835855
10.892714354457132 0.7455289890037298 2.2768813448141247 0.03202095655569385
11.034080731250551 0.36251804877139465 2.335799899088162 0.01302138946831846
10.993801139899226 0.5734848974215001 2.5304257646247343 0.027203619137731422
11.057686207661131 0.3811939653339858 2.175606850320611 0.038391133114757454
11.054919422604904 0.3637648473942465 2.099617011775568 0.05770655582306594
10.833551770519332 0.7613259255318676 2.2637711967926397 0.03405980915008118
10.900001123416843 0.5346730848758277 2.2215923534252693 0.03111289452746941
10.92273418052329 0.4802784005391586 2.018431524519536 0.05091445585498081
10.740787892778803 0.8274953310759102 2.2111181633750205 0.029365336321174468
11.02395313372633 0.31371836186786994 2.1506998736800353 0.02488019219997652
10.818398482749018 0.7549427342090617 2.213326285361726 0.03643871498915445
10.89442225640807 0.640176437653344 2.216356410713429 0.07856442240499988
10.828484599908903 0.66867828783263 2.375811662436975 0.09239718786932877
10.933336301386559 0.439991498129537 2.418790463661291 0.0683670600238798
10.804837070092479 0.8244746838395535 2.273306927865699 0.04917570115400593
10.926425057535129 0.5072165090355373 2.41653462034464 0.04687026268859123
11.05242257145156 0.22071097847219218 1.9906605601444676 0.045068213367527685
10.817316914425614 0.7019750534134255 1.9772613792877067 0.0372286937538211
10.755584769901935 0.9046744813825672 2.413571106380483 0.046130282126873326
10.955524650450167 0.5051396588668826 2.4383403005960815 0.011963543026675173
10.73269908789796 0.7486248883060322 1.8598647974528204 0.25780598418843076
10.82241462730832 0.7042595969159193 2.271072032580889 0.04022533742407973
10.762704306847457 0.6887340808299852 2.2867046742223285 0.022360001493633933
10.788139972922798 0.6621738773446015 2.1137435843000696 0.04108706370626332
10.851752801398776 0.7229112354767334 1.83070028331902 0.05005872687928867
10.859542919003305 0.6285636090489022 1.9218961570270754 0.03916344194271639
11.11610735754536 0.503978679611852 2.5263373784282868 0.059056508321766524
10.980384252463969 0.3920169553513022 2.1054847669475785 0.043158459621787174
10.831563912451449 0.5846127849005364 2.2381715524192476 0.03246991293394952
10.842229736521777 0.5817575621539314 2.2815854633550763 0.03247891023351622
10.944699275090523 0.7137157314938882 2.2684888369422564 0.03795326730907613
10.92467184382374 0.6731700721534792 2.2826141822000503 0.026264755564747753
11.043278214761074 0.5976897054797382 2.243367380879671 0.08641609430323957
10.90141937954246 0.5492378767192555 2.356437123118349 0.059316010351913466
10.817935134454011 0.7067352680568023 2.0096470879534936 0.04648526105779292
10.854435380756563 0.6508945075440813 2.255044066512109 0.03753918842152358
10.978559247144899 0.5786047574095189 2.2931790718046554 0.03638962126670624
11.008176502753397 0.5618538093664004 2.2824021397592458 0.028224887619280093
10.778298469090329 0.7437272503513136 1.9661556763901376 0.040531999947108696
10.746379709166142 0.9111399015245729 2.3127963816681647 0.10909953501344254
10.81421080158432 0.6421919512834524 1.9942226588020537 0.029473268299475313
10.771198207476846 0.8800563834050099 2.4276747461042727 0.07549422488080156
11.181666168153138 0.22151631991587065 2.261688212125352 0.02848551538723038
10.978944723515783 0.564176911120319 2.218698066634616 0.03493449618106247
10.889893582418434 0.5094836894072583 2.1905794306226336 0.0394994242906053
10.811818122774143 0.6735777547083552 1.9161844517725868 0.10587085278736626
10.919763662736102 0.6032240860607782 2.1664849296356437 0.0988044856689655
10.84509869251982 0.5971661231032009 2.1859229747729936 0.09382134912668896
10.805901942451836 0.6100254150685025 1.9090149838834103 0.09735366296793789
10.706577951815362 0.8175314881209609 2.4217222778151566 0.030320081460028195
10.747626308791675 0.9964714426946742 2.209545086886632 0.08074806368450597
10.93381380620404 0.3348538024918184 2.0135044458342506 0.03202415459931967
11.113995450959248 0.19022143307056338 2.077711534500902 0.050251070484881935
10.89477396488146 0.5059152448364206 2.175008835992551 0.08206706279515098
10.91557975063221 0.7884674183097009 2.2776159031654593 0.029345130951745745
10.801294437770371 0.9099055325616657 2.2301116559268657 0.04371816621694445
10.766008744120617 0.8806385202320312 1.7850075224544326 0.2652003778652054
10.95209304540251 0.652014038264149 2.3793548160468436 0.09023086094930872
10.969930331046854 0.6217520744040469 1.9350205481151979 0.04983385140033913
10.950439197646313 0.651102317109358 2.4187135801634265 0.09007542519003763
10.792036783291852 0.4989949192083338 1.9684017324367038 0.052577433823747376
10.965820123564363 0.35739777299495973 2.058846931493097 0.03432093168848891
10.94919253788578 0.5374134503170158 2.2203815263095783 0.033400722435952365
10.81250908285276 0.7494016058543511 2.2565245860325973 0.050589573338540875
10.803009846909372 0.81156913208442 2.1032839204373825 0.02762830156358454
10.94702528075078 0.5037166809169784 2.2219637395767853 0.025757538905713005
10.924720737822478 0.5182416502545971 2.09900078097136 0.09058967049798139
11.383699105276328 0.10614208332415448 2.1460272855769795 0.049122141640415784
10.902247724492288 0.5602790942606416 2.2690055771657436 0.03842590518004071
10.790569883497811 0.8771782268194943 2.27844940530675 0.027459835215357473
10.943796839477061 0.4989362230039208 2.312495146866763 0.01956646659452221
11.102997227361318 0.3174880640017447 2.1197395975585134 0.041676474581238875
10.691189319173446 0.8723060295125282 1.9622509213703465 0.04750155821353606
10.907217450538903 0.6037423021160233 2.4299432116880615 0.09046788388357131
10.860713288384334 0.8105929425681035 2.3590747368697578 0.046646563971505836
10.778476362829416 0.5770390658794887 2.062410902033764 0.04503545190436411
11.268213815654802 0.161202019425839 1.870012633878826 0.061066339952208615
10.926015373862093 0.681665905072905 2.4739697694445137 0.023376650984974198
11.17025576305594 0.2836667751887236 2.0768735571258574 0.07773453616800065
11.284218572543672 0.27059622410918027 2.205432292754845 0.08467294931259756
11.404462041067207 0.11827489394533863 2.291999203162114 0.060319140628976566
10.735790824129424 0.6278108954824319 2.4555525746832605 0.030161837004311257
10.985964810695009 0.4136170689135925 2.1464381473956933 0.037158765202370825
10.836176715039219 0.765598169696084 2.2410439841495156 0.045054608140341304
11.007890379039251 0.38446398377527324 2.0722732365661805 0.03738412782929956
11.224837042778345 0.15699351695188932 2.01760275399428 0.2579566623204457
10.990633037768385 0.5176102792510644 2.2654730578667825 0.022882057112005333
11.120971442553246 0.308995105725088 2.3736092199925665 0.08756791127665532
10.853257525790426 0.5866045452654476 2.3468479953944086 0.10210508549926198
11.189654363962923 0.19677161404145438 2.123473831040083 0.10326183062776506
11.294406887872267 0.1260370830127653 2.0546985911640454 0.03755073251638271
10.758084357749102 0.7058478596066269 2.143558732893245 0.0485892212540101
10.994950183580062 0.2896965891351138 2.336902546666223 0.03786654813950715
11.138614576403656 0.2707890372965592 2.179044726173007 0.02399717021846189
11.080295488080955 0.3124431961170241 2.029780198419619 0.06376842019603181
11.125766909751198 0.35906228764815834 2.223308074144917 0.034679344537163564
10.817217617319862 0.6985394834440406 2.2441343172497543 0.05880107627289825
10.865549564079572 0.6005735662117645 2.543438515546616 0.23931835948397337
10.787190724220372 0.7568491570276269 2.159922190281329 0.2891175001107714
10.974528411599426 0.4187804420564244 1.9171226763891853 0.0344645389053839
11.166973005815116 0.28799226707042336 2.343448188534246 0.014812349587048933
10.938064430712798 0.5361381448109744 2.324781053789391 0.04653646766459705
11.136239932151748 0.3442559074294353 2.294738746300989 0.041123562987150517
10.876066034379207 0.652335035374509 2.229929634329672 0.019030768983675728
10.832564352778498 0.6489623356242695 2.195331399876001 0.03414864096494147
11.021975896629337 0.40152109592094626 2.255056608789859 0.08516669681567929
10.7618271796767 0.8190349726978178 2.4133273338525214 0.01719378793019439
10.874531485855229 0.5350993453272226 2.444454035116251 0.012206796650978902
10.875278626682462 0.7183688859213573 2.4244704073760612 0.05602943622558342
10.8301763668566 0.5403901250112967 1.9691563105328904 0.2652489270048161
10.907217443006777 0.45783620325538443 2.1902461124354025 0.06941290329743313
10.764189514908944 0.6914152572022771 2.2383509545997406 0.030219815974329316
10.802437411680733 0.557753193073554 2.066964932114606 0.06164135195906479
11.02701117687643 0.32440602472775687 1.9755428305080276 0.03041562390690299
10.953659435326397 0.4426948600004384 2.189140462570484 0.034236420691116556
11.03312422136106 0.4012705928258696 2.2610153565493305 0.021045303636872268
10.984413717576885 0.3934764665134775 2.253582262259278 0.0344748455547379
10.889926724111277 0.5918240964089982 2.2824142927668833 0.04015559614784879
10.947901768584524 0.5225068142679489 2.2863446101520144 0.1149383867943757
10.907178941498303 0.4705083967626014 2.196097171687135 0.018347743879632686
10.906924000164578 0.5281224718974536 1.9956943054460148 0.2615594175970908
10.84551247692182 0.5099944706113382 2.1408879429794783 0.029046968277776457
11.05512559823191 0.38023200894959036 2.1187521609175795 0.032771464816928636
