8.68 0.05 1.7611758131557314 0.030859746547718062
8.56 0.26 1.6637009253896482 0.06029250941823886
8.59 0.06 1.6720978579357175 0.015708523813521873
9.32 0.26 1.8215135284047732 0.03013204550158308
8.81 0.06 1.7299742856995557 0.02992345592257042
9.10 0.26 1.7781512503836436 0.026781493050700527
10.48 0.24 2.2430380486862944 0.011912077217917762
9.55 0.27 2.037824750588342 0.015922804102777334
11.27 0.16 2.497758718287268 0.01697972704198982
9.72 0.10 2.050379756261458 0.1117641186732322
9.87 0.19 2.1451964061141817 0.018030837473434935
9.41 0.10 1.9222062774390163 0.13506766183593955
9.90 0.10 1.9903388547876015 0.04129794153067732
9.52 0.22 1.9334872878487055 0.03998748726148822
9.28 0.06 1.8221680793680175 0.03924347728041431
11.03 0.13 2.3848907965305544 0.02004986890897123
8.29 0.26 1.5276299008713388 0.034795106858717506
9.45 0.09 2.0265332645232967 0.03472721633280941
9.64 0.08 1.9324737646771533 0.027397081802307943
9.63 0.27 1.944975908412048 0.04288719628329501
9.78 0.08 2.020775488193558 0.03767473579904281
10.86 0.22 2.2121876044039577 0.04742602317716492
9.43 0.08 1.9698816437464999 0.09356183372192242
11.27 0.13 2.342620042553348 0.013812182523047537
10.88 0.11 2.3346547668832414 0.012460091567793435
10.05 0.26 2.040602340114073 0.02294087427175647
10.68 0.23 2.215901813204032 0.01505765539445581
9.97 0.08 2.1179338350396413 0.020192045271416433
10.62 0.11 2.187520720836463 0.032149072036993964
11.03 0.13 2.4545399849648186 0.023331129119100253
10.65 0.28 2.266231696689893 0.01764468371762941
9.00 0.06 1.921686475483602 0.04160905215839538
9.28 0.11 1.931457870689005 0.04881998859802361
11.03 0.15 2.3220124385824006 0.0196560151409285
8.86 0.06 1.8208579894397 0.025585324462578274
10.53 0.11 2.1763806922432702 0.013598827881047859
10.68 0.28 2.3298045221640695 0.0343452351154186
10.64 0.15 2.225309281725863 0.034123137863826924
8.41 0.06 1.6998377258672457 0.026872512852297015
10.22 0.14 2.074084689028244 0.03735079018054948
10.58 0.16 2.226342087163631 0.01598946429810072
10.57 0.15 2.2405492482826 0.03644080135510044
10.13 0.15 2.1332194567324945 0.016298026914691566
10.37 0.15 2.2121876044039577 0.04289657152541322
10.87 0.16 2.3439990690571615 0.01573530731533521
9.94 0.15 2.1228709228644354 0.01767287266222728
11.13 0.13 2.3820170425748683 0.016759081666805984
10.09 0.14 2.09968064110925 0.018987437603083347
10.64 0.16 2.2377949932739227 0.018838684871453952
10.71 0.16 2.1958996524092336 0.03015165511302831
10.10 0.15 2.1189257528257768 0.021467027622594195
10.81 0.15 2.2347702951609163 0.021246788864224316
10.53 0.15 2.1992064791616577 0.02251083913784238
10.38 0.16 2.168202746842631 0.05307060878654808
10.80 0.15 2.2664668954402414 0.021867561893341863
10.00 0.14 2.0437551269686796 0.025916307238349562
10.66 0.16 2.258397804095509 0.021798564728734645
10.24 0.27 2.0835026198302673 0.02006641170510074
10.96 0.13 2.4186326873540653 0.037764737556804505
10.85 0.27 2.288249225571986 0.010510731539368092
10.96 0.10 2.2528530309798933 0.034452411413554054
11.27 0.24 2.3211840273023143 0.015340234682978822
9.57 0.27 1.9556877503135057 0.01779501199382095
11.06 0.10 2.3324384599156054 0.007675902470848171
11.08 0.24 2.467756051244033 0.015531648705668063
10.38 0.27 2.1878026387184195 0.02282793837388929
11.35 0.13 2.4008832155483626 0.026054218024390553
9.94 0.09 2.0655797147284485 0.01232305924575005
11.18 0.19 2.3825573219087857 0.03437639703419855
10.61 0.28 2.2011238972073794 0.04045033563353132
11.15 0.13 2.3783979009481375 0.011266216685356323
10.59 0.11 2.3402457615679317 0.014284697440399329
10.20 0.14 2.1126050015345745 0.05026556503509859
9.41 0.26 1.865103974641128 0.02369956245038209
8.75 0.06 1.741939077729199 0.033044145362203944
9.18 0.26 1.9355072658247128 0.031236958095129476
11.43 0.16 2.5211380837040362 0.05337112910136347
11.41 0.12 2.4616485680634552 0.023852443047536108
10.97 0.15 2.2617385473525378 0.04112367015285308
11.15 0.28 2.423081958297231 0.02737907832308156
10.84 0.20 2.3416323357780544 0.021556511169150475
10.73 0.24 2.2942457161381182 0.03374660016820595
10.09 0.23 2.1010593549081156 0.01927138746955792
9.33 0.26 1.9609461957338314 0.03468653958308247
9.28 0.27 1.9585638832219674 0.030577389264915416
9.35 0.26 1.8621313793130372 0.02624856758755918
9.79 0.18 1.9951962915971795 0.0979248427345047
11.03 0.23 2.3298045221640695 0.04349041606331113
9.24 0.22 1.8639173769578605 0.055846349246109
9.01 0.26 1.9014583213961123 0.04250309860533706
9.77 0.27 2.0530784434834195 0.018832238595804726
9.31 0.14 1.9294189257142926 0.02656860359878717
9.37 0.26 1.9148718175400503 0.03698371500392655
10.96 0.12 2.3005954838899636 0.11172540725639209
9.25 0.13 1.9232440186302764 0.020211795697168043
10.64 0.24 2.3412366232386925 0.01939875078692738
10.75 0.24 2.394626764272209 0.013478708225131152
9.35 0.13 1.8524799936368563 0.03903770623849454
9.79 0.14 2.0362295440862948 0.024771166401105438
9.40 0.14 1.900913067737669 0.027825400222444525
9.94 0.13 2.030194785356751 0.06644057372400493
9.82 0.13 2.037426497940624 0.0310779537508749
9.88 0.26 1.8142475957319202 0.018650683271918787
9.29 0.08 1.866287339084195 0.02186244330669431
9.43 0.26 1.8733206018153987 0.13546266972350424
9.20 0.27 2.012837224705172 0.02698528819593021
9.55 0.06 1.900913067737669 0.031098976719202705
8.73 0.26 1.7895807121644254 0.02326577581624563
8.98 0.27 1.7589118923979734 0.05523257348246931
9.17 0.06 1.9159272116971158 0.013176410251919046
9.17 0.11 1.8954225460394079 0.028731950456703684
8.72 0.26 1.7551122663950711 0.017554961482908246
10.48 0.24 2.2610248339923973 0.026905305074050142
10.78 0.11 2.182699903336043 0.04248842928666087
11.27 0.19 2.355643050220869 0.0352337674912691
8.77 0.26 1.526339277389844 0.14993499970469407
9.39 0.27 1.8536982117761744 0.0748154359581232
11.31 0.16 2.4303975913869666 0.013057851905777058
10.88 0.28 2.459543258280413 0.06512156063249037
11.07 0.11 2.369215857410143 0.03247928817652524
9.47 0.26 1.8555191556678001 0.02967981814959461
8.62 0.06 1.7512791039833422 0.03234107843960386
7.98 0.06 1.568201724066995 0.07394743881055367
