10.942353967362758 1.0208653522158853 1.6926872805102307 0.2076601947608924
10.87137109001194 1.4180412531066746 2.111559178454144 0.13894157906858925
10.854602241725658 1.2517470113718938 1.8108408127119846 0.18738687321180342
10.762748479608895 1.902270278532698 2.3413447219456875 0.058208967734456565
10.898822482139044 0.9799343249503377 2.0747827463163753 0.12310147989061204
10.89001888024191 1.3332614504811726 2.2883332649884074 0.18863415236525072
10.669271361332742 2.3187440339345344 2.1350984853202255 0.15018460887610846
10.860071127454365 1.2941070510660118 1.8806943710748736 0.16357047559618204
10.822457161685044 1.6807193309267343 2.1597107625370207 0.1710574422850575
10.831470343178358 1.9256428501145562 2.345225398760135 0.1360322465649418
11.001270712728854 1.1287405015650918 2.385264086611077 0.1274477592760073
10.880891494977316 1.6491803884396168 2.2819379099574997 0.13214007345848625
10.653088416449647 2.522164030300043 2.1655751383759756 0.047085884127335546
10.75983403292276 2.132858455819978 2.267943122921761 0.14064883016719523
10.906483280034406 1.00670467812211 1.8453824806136652 0.06990827660035301
10.987691084186896 0.8851722510971435 2.0265100531196416 0.14861867054035827
10.849349210516387 0.9737212734899118 1.721082073145 0.39190483555409034
10.760337665035967 2.163011471238074 2.46617498044259 0.039546749873531954
10.802126849349413 1.389703088152843 2.0286296135057547 0.14498658111672336
10.687729674442798 2.0442593023933053 2.2057912066284806 0.04176099689439043
10.898502127439064 1.2149178239315215 2.3340603658121486 0.18273897957378885
10.890905362195904 1.5649590951965384 2.2133854698182436 0.044327696721540945
10.863184987982686 1.1925620264088688 2.0640940880720886 0.15922191497661942
10.86861259546197 1.38021895495275 1.7472485757560894 0.40078370457089496
10.939731180811 1.1196503560348683 2.3272681042031937 0.1703507378385449
10.837692033355516 1.2862889496353747 2.122916911768145 0.14287584442121815
10.790432901126904 1.5617975747037114 2.0929684677267533 0.053761760673829845
10.727837195512874 2.067872533451146 2.4802450165038548 0.02075572518077135
10.980832800350166 0.7939891916755732 2.189164811188954 0.1741618546250306
11.04511529969383 1.1784059576796269 2.2433468849402947 0.13664459963521133
10.764358103701676 1.9327734603534692 2.30959416326695 0.14530508858315225
11.030393079496843 0.8169910772255573 2.301417653084362 0.17594697748355514
10.983703611636251 1.03449886344064 1.967105176749131 0.15369027632976684
10.739510817712548 2.000201404766435 2.2834503054405477 0.033117131472848706
10.682494902044558 1.7507863758822968 1.8267908636850616 0.16930974797129983
10.711823349716347 2.20874295760214 2.329021641092229 0.048626136555553194
10.718764826087854 1.7555177251363394 2.147651479572071 0.355397449272773
10.96774584337364 1.055924487769892 2.2766228138800444 0.2120022843729015
10.741262248383043 1.6805691110152579 1.8578073231487393 0.06440781753561299
10.771866860681452 2.1760533388039476 2.245550611213096 0.13643268576681622
11.063894794338772 0.7286095446051652 1.3970053291376332 0.3978196442931109
10.726489589604371 1.918107777077378 2.1705834613961894 0.019164151167417105
10.89363609846183 1.0291985847507636 2.180766070252581 0.1714614625274646
10.954521800122388 1.071082246533847 2.2759589355785135 0.16365780800680946
10.786043339411103 1.614355395922519 2.2053443183132377 0.14778929226137277
10.678231395986113 1.968036899111364 2.2695899495334007 0.16420799996180077
10.780893104671689 1.384439300854409 2.0666061649585945 0.15010046756729262
10.741132378669924 1.8419974503175254 1.9560730692596944 0.04679625077749135
10.904777350859217 1.545238283187269 2.3953557703075874 0.14745280309549116
10.769342960482991 1.3863201353806651 1.9602522688604365 0.04989948258143893
10.926911747979071 1.43238180370219 2.391502960996896 0.13613160528939883
10.874278501385138 1.5415666390186784 2.1866358772171313 0.023792216119942526
10.809935940822461 1.7240826868108916 2.380377084557223 0.17613477928121718
10.928685850215096 1.3790188137539108 2.1246823446176246 0.1418385651601463
10.841487965978514 1.257875844959067 2.150030313157905 0.13944143306766216
10.76228355977967 1.8090963841198875 2.140956834253818 0.16021921415199966
10.736530535023961 2.2536271411106417 2.3519701510257414 0.3428760931478162
10.74749438988398 1.7660608746004909 2.353336410611417 0.1638234209936476
10.866972324658004 1.1175097340595257 1.9407087838815378 0.14123780513324685
10.839380785582213 1.5396918662763475 2.2192464999663803 0.1536757764544231
10.803094511944318 1.1491187581805458 1.9239012151400088 0.14329730460588705
10.729828734695785 2.2040760394724157 1.9253480367598101 0.3816325923924252
10.838483076931677 1.9774496708922529 2.380103717930338 0.15252383209202677
11.02576262365813 1.270764888235138 2.531712663108586 0.14499009609320876
10.857079712983014 1.5794278647878583 2.253023605467767 0.02263378485684762
10.739597229122905 1.5928088256379993 2.1684697382830356 0.14987328716007833
10.662671937233865 2.2002340679409373 2.15438983603221 0.1410491298470565
10.836591111811629 1.9873920491609698 2.3459318482340934 0.14352103387817325
10.85056991617059 1.5665767318142223 2.1971889128056024 0.1883354756843332
10.903380965152556 1.130266538641558 2.3311407324440974 0.17033380874635504
10.794978544086353 1.7093169930818042 2.327303446576056 0.16817459573383786
10.760933917759196 1.7102632932491617 1.8533002360353348 0.17545106126438065
10.66921285687324 2.3235348119261303 1.5883083658001986 0.42289624587420965
11.024472647427116 0.7217430168274112 2.137444205530554 0.15292003008455962
10.971847514325871 1.185338876106031 2.249819867499783 0.13369056126641285
10.768074425449827 2.019025262980395 2.2301057213933704 0.1398173826861285
10.718080967872393 1.4115125058686666 1.760216575225381 0.1945718371301793
10.730269227189126 2.574032688478686 2.2546047266994678 0.13819975013189428
10.751443143483389 1.9243711503085896 2.4127650496078648 0.05389108062654284
10.785891177884583 1.6267730963558626 2.191766998502065 0.0317270323072269
10.927516582836303 0.7771747241159248 1.644052524627105 0.14865383804137486
10.813814034620247 1.3968968566798514 1.9924465016227213 0.1544601509754225
10.718872754500541 1.9545596378345063 2.064066943585822 0.1716540642570594
10.609752243632398 2.5006971399202205 1.799783657773761 0.1670182176833834
10.832935523451077 1.6178855341613836 2.3292316457571056 0.153852150693326
10.771602159987346 2.235505804423456 2.2702796228235758 0.18549411821110945
11.09862291716421 0.8017061519913257 2.0582621677411215 0.14545742995563365
11.003650332766586 0.9721288191716857 2.3453489626414767 0.1488875675493631
10.713651746891994 1.9998484477890275 2.2219577326880118 0.03659305239971382
10.911407566937694 1.5417304257286317 2.3788711158125735 0.04061127601688413
10.678058372304102 1.9543601862114073 2.0799525374356653 0.042145186796700596
10.73696200002621 1.7031595583720456 2.166824931155264 0.1554971532859607
10.713799439924708 1.8759251994884207 2.1859924843750034 0.37016890577299044
10.924581405150004 1.2588981435507265 2.0958921261683883 0.1548501818146937
10.7890763027945 1.7090038375859198 2.2678939743790894 0.16210982682731162
10.971563864296483 1.5768474979693863 2.4826806761199123 0.15858619898627305
10.790430989288954 2.1707081897714255 2.2934867517656494 0.14965223741866418
11.09650832248961 0.619673644347505 1.8776908868876507 0.15895625095179797
10.71789970792913 2.2957154516183285 2.3409723948243175 0.16245548359272854
10.659929080348626 2.932696145061377 2.02359943463174 0.14401182779728755
10.692358569419577 2.313632335569286 2.2122343415986645 0.1364739369409263
10.817951436646286 1.66154287558955 2.129661023824156 0.13902943402899515
10.97946605777351 1.2307977880201495 2.3191381630120333 0.17505686147717542
10.951470105942827 1.0549653428200643 2.4057742915178593 0.13839780463048665
10.80357776469028 1.803668936555267 2.2765010811995237 0.03454825015753938
10.816915931346175 1.819352004593227 2.1105374807208492 0.1364151320715322
11.054710135158622 0.7524929554337723 2.094605860879867 0.19305492880254424
10.675803404046816 2.0605514683285535 2.5253469923157765 0.02802399087700556
10.986452709731026 0.8358379665015209 1.5731193014217602 0.1814472828265567
11.10760765478833 0.625971856196355 1.9744480435121436 0.15658710398029932
11.026709229929933 0.6860901470007911 2.0963479208532623 0.15493573692665794
10.670657725719394 2.2248215753483547 1.8926988717890236 0.04410527864281246
10.687627102825278 2.5319166696092443 2.103077048486306 0.15983678872755352
10.822679381759986 2.17697536316299 2.264087180080495 0.12715061267415004
10.919820743781907 1.1760139590642613 2.204658719547646 0.13560073047784146
10.90752220645813 1.7404472584257085 2.4857441849908892 0.14098012109811336
10.943643657195798 1.235988199528841 2.10139904860999 0.19440251777646367
10.941832409312127 1.1767937573577703 2.1663013608861 0.17470775793017168
10.752309982268471 2.284807012927045 2.202120289995848 0.013721234817427038
10.793303438679132 1.7041229854440603 2.145963064113523 0.15598522955517227
10.81147915711726 1.5472089142429264 2.0130902383605225 0.046523481242663464
10.648282516609378 2.551579799619243 2.0387644759791246 0.14680855439030546
10.914696649586505 1.005539613193092 2.241872131463336 0.14758001475263738
10.739645394258591 2.2519885236459407 2.16343487979229 0.14381408970819817
10.838860281781171 1.3611727898474757 2.3041910647530277 0.16048400880007657
10.729945878721855 2.4374286257774798 2.12712710875373 0.13413123778177347
10.817444071701573 1.6253004339260488 2.3433972004500903 0.025066664580925494
10.931568553151891 0.7271056299618999 1.7642815056989463 0.17398027638991168
10.7205480195527 2.1859755387773756 2.095834060285756 0.1460756008307429
10.683136069047585 2.659855573457773 2.308722803625278 0.15455725900021927
10.886554216267193 1.466026372618452 2.439691368133305 0.12446135608522775
10.630760348024525 2.3600483207877416 1.6979512756041684 0.39421307068365924
10.72928407295824 2.1742074972712473 2.304523487935453 0.1721475678416763
10.677819378634675 2.084475530688892 2.2705479882676274 0.15755651837261642
10.703723741979351 2.001543590050671 2.0614675831068348 0.05396507076494627
10.868920872827779 1.263366150614608 2.2529315951120603 0.14284745437562954
10.728105756900987 1.8491979317827916 2.230609947954273 0.1639608445820298
10.739589096027698 1.8365933574972628 2.219274999555246 0.15293037144842328
10.889258948379883 2.008573482662436 2.2357881902580625 0.1383267176169833
10.858911638937471 1.9434202886594978 2.323177077195303 0.129684299517813
10.83807046187306 1.5722853558822552 2.3478115054659274 0.12318215414896966
10.729583258311834 2.1570708673459493 1.8766137622479757 0.16111708806801686
10.763363810145218 1.9992405244711373 2.282197600051072 0.1564711548920007
10.895362661491543 1.7427967954337709 2.283476771541137 0.13937283667280015
10.944912330360898 1.608597833304081 2.2512225357067845 0.13163294877794815
10.695684568618002 2.2391942402895406 1.9926525310248593 0.029471020188899532
10.724610592780136 1.9654586194579495 2.0671032762256503 0.14020172823251326
11.065882876720064 0.7210762263489418 2.215031188480257 0.03926374006792654
10.779747271867118 1.6370598709551598 2.228587395871827 0.17125602671807647
10.649785743319717 2.3118541344901367 2.4552076700095955 0.1296170595948609
10.816964578675165 1.0928866747158223 2.1491069627131565 0.02150926002989135
10.993186655274773 0.6265903197489556 1.9753118990686465 0.16216828523884033
10.881135456734567 2.1049034815129 2.29678763476696 0.12781674674701207
10.744664605830998 2.5744539004980806 2.2204327136631274 0.03107094239697713
10.700994265145175 2.542671642782239 1.9972058778330224 0.2558368262211383
10.689432254893495 1.574872725478436 1.9390423333175197 0.18266152582411388
10.84840618291442 1.1680256979932575 2.0111387910443828 0.1537028078393691
10.85250455415709 1.6724266395252334 2.2569877185790137 0.1647928807978304
10.730381014039063 2.2537032984566268 2.3857744245316073 0.15132996661875597
10.733848305867474 2.3659309720319444 2.117581834801336 0.13602836745071054
10.845487912740236 1.5857561802466127 2.103504429028741 0.13904675125349641
10.803010619341444 1.7544172866831982 2.30594452275034 0.16336496698283354
10.73662602197518 2.4646979052177334 2.317396971479142 0.14494807565046772
10.840228986871313 1.5783330732098892 2.249842144588215 0.054393384150547966
10.989655737809864 1.0276421492958943 1.987710622026882 0.14370540884657224
10.811975389201224 2.2462232173701837 2.0086407624913067 0.17469297185397245
10.682823867771926 1.7915112370752944 2.227137210127704 0.18450106475847147
11.147055834149455 0.5314303377657686 1.8269950237716515 0.18797553682013052
10.862318473603509 1.957977719500654 2.4638460308702754 0.14596703168478353
11.0563803299261 0.9192899176435106 2.1430570422308617 0.16317211398689785
11.284433911271265 0.38886944987577615 2.259328812537849 0.16108837786506894
10.658387774231334 1.8648615894597977 2.1397115492404106 0.14884397648798806
10.882416383772052 1.3080405014312837 2.017526266852027 0.13920104231847355
10.78341029635626 2.1417639631093626 2.093026510067795 0.12983463169703968
10.9034743571345 1.2182658557398016 1.9792235619188603 0.1490643787871957
11.104054457245708 0.5171000739505608 2.005075532144591 0.2751184793063705
10.8962944064107 1.601533801379431 2.2087701673607993 0.13702773168006863
11.007229877469888 1.0010917177564624 2.400658955440739 0.1440990787613954
11.173561957328124 0.41519214350413686 1.9594687565679294 0.14922544307258642
10.657097892827013 2.2200880762019377 2.2734231849911484 0.13720934880126892
10.880033665788932 0.9411606222845024 2.333929487970962 0.16041384015862128
11.02113536890832 0.8850691076748902 2.18911402675479 0.1488652268894484
10.968062530801873 1.0086349110827515 1.7472858338036696 0.07225426171743819
11.02195159581798 1.1360076135238086 2.2570683771444755 0.15944881325286256
10.767077497622834 1.9385886677220232 2.3096397842289447 0.15457567934773253
10.784790861567604 1.7984164032981516 1.8391484875132447 0.3955405301486631
10.697480137206675 2.317922329497714 1.9039916505780445 0.40006014371159193
10.860684719848113 1.3572655122719284 1.9914017035133547 0.1337418642438118
11.054452133106142 0.9303000471384231 2.164239666173728 0.16802749203633574
10.849446836233 1.636020328539226 2.3656834501974617 0.17566114554378373
11.030586451061822 1.0939716940035296 2.3294074591483853 0.16406535583736678
10.803624757464522 1.914511769459401 2.1635566856949486 0.1423766621100259
10.755334035802262 1.9272641029447617 2.422204751215206 0.14170661551614724
10.91972052482315 1.2657608199530685 2.2562529819223367 0.1379120074684792
10.710540844399333 2.2844922615366454 2.2888738218676625 0.16167189739206342
10.776811331924211 1.669343611680489 2.4495062527917844 0.03213633572992236
10.84135334624156 1.9109274015493134 2.454289248488057 0.14800249028338286
10.716707712058502 1.7499965633274226 1.93364766948071 0.36947265696334575
10.795110048107102 1.4778424805713881 2.0806447805683996 0.1360616874670685
10.658193566581875 2.2004442881559805 2.2078895045556663 0.13734155496138428
10.692809014890711 1.7900556611622793 2.155479291668043 0.14559915867826564
10.920562026155077 1.03278846112878 1.9881081574942379 0.13935624963128493
10.85330527106257 1.38937886845801 1.990153497043275 0.14735674494380493
10.930551090872438 1.2659472857305603 2.2082506301941613 0.13316100962030802
10.876723627251447 1.2567233935641733 2.283719922035364 0.15400845036144797
10.787632894038742 1.8668764824609572 2.320621440877372 0.1665404582043905
10.818226878264063 1.436163831596719 2.147275439213323 0.13383047447540372
10.801098434172518 1.6797549427293963 1.7724026353175335 0.37493938610799565
10.748097205264829 1.5896941154981017 2.262257946774262 0.17492793286010241
10.943307289703762 1.226400916856479 2.095547442532303 0.0301618032180415
