10.909556029241175 1.1015830711280425 1.6926872805521314 0.2076601947315355
10.802773725291976 1.661646397543772 2.1115591783020027 0.138941579118194
10.815577748324268 1.367714761094756 1.8108408127196327 0.18738687322651507
10.649334858712141 2.463154902262403 2.3413447219916628 0.05820896772841176
10.879095879500072 1.02674645844172 2.074782746421294 0.12310147984790508
10.82020145948564 1.5634412261057897 2.2883332650514463 0.1886341523352914
10.531478917042255 3.1799954024162855 2.1350984852154684 0.15018460890157415
10.816241299991782 1.4319192026331402 1.8806943710544881 0.16357047559533722
10.715167357848458 2.1501651945983165 2.1597107624744867 0.17105744231080902
10.613841821876068 3.1694616035574037 2.345225398665038 0.13603224659651433
10.931966114728173 1.3255022053614278 2.385264086526684 0.12744775930412247
10.710117365111817 2.437705205262396 2.2819379099583665 0.13214007345768689
10.46686762035411 3.8679330566007537 2.1655751384318127 0.04708588411865085
10.570542939881898 3.291639236339697 2.267943122965125 0.1406488301443301
10.88309335857569 1.0628067646798054 1.8453824805846282 0.06990827658460068
10.959994838328416 0.9427063098475672 2.026510053048737 0.14861867055281408
10.826722520168993 1.0289177661742315 1.7210820731137957 0.39190483559337275
10.403120521175818 4.891368707940665 2.4661749804824806 0.039546749874122836
10.724275869600788 1.663130125594999 2.028629613395061 0.14498658113780008
10.505149978319906 3.1073599652627006 2.2057912065264893 0.04176099690779009
10.840733234611807 1.384729999580195 2.334060365831897 0.1827389795749589
10.505149978319906 3.7722535822839776 2.2133854698765734 0.04432769671867422
10.800717078282386 1.3741020243271023 2.0640940882259953 0.15922191491667453
10.733999286538387 1.87466051820744 1.747248575718764 0.40078370461440155
10.861534410859038 1.3378877261343824 2.3272681042047636 0.17035073783514978
10.800029359244133 1.4038052756929051 2.122916911789563 0.14287584440186868
10.638489256954637 2.21600011978379 2.0929684677093108 0.05376176066695531
10.514547752660286 3.372811158427845 2.480245016455196 0.020755725179323673
10.944975908412047 0.8625180697535614 2.1891648111355666 0.17416185463896483
10.924795995797913 1.5489283223092662 2.2433468850251326 0.13664459961603279
10.361727836017593 4.851894504332723 2.309594163346756 0.14530508854739488
11.004321373782643 0.8684324793747286 2.3014176529993295 0.17594697751882227
10.866287339084195 1.3528642025633528 1.9671051767311845 0.15369027632261018
10.54157924394658 3.1443244942878104 2.283450305457875 0.03311713147433482
10.618048096712092 2.029830132514426 1.8267908636813774 0.16930974797027937
10.450249108319362 4.018809877957521 2.329021641011537 0.04862613656986576
10.634477270160732 2.1257453961492776 2.1476514797223674 0.35539744900869413
10.921686475483602 1.1752439541238842 2.2766228139341687 0.2120022843519299
10.603144372620182 2.3064353878655512 1.8578073231410197 0.06440781751730272
10.484299839346786 4.199796416648278 2.245550611156396 0.13643268578065346
11.03342375548695 0.7799810231421174 1.397005329174896 0.3978196442075376
10.47567118832443 3.4127363319909905 2.1705834615072015 0.019164151161749333
10.850646235183067 1.133004292555182 2.180766070336167 0.1714614625068102
10.880241775895481 1.2700395943424885 2.275958935627133 0.16365780798991825
10.66651798055488 2.1242906553670626 2.2053443182430854 0.1477892922972193
10.547774705387823 2.6569605601266484 2.2695899494767913 0.16420799999241334
10.683047038238849 1.7296580502069283 2.0666061651181553 0.15010046750264086
10.564666064252089 2.7567407042821768 1.9560730692598467 0.0467962507779939
10.7160033436348 2.3798390059788237 2.395355770306083 0.14745280309949826
10.713490543093943 1.5789681443176884 1.9602522688818809 0.049899482565834916
10.752048447819439 2.1364976041254384 2.391502960948805 0.13613160530854856
10.741151598851784 2.088335817008195 2.1866358770797922 0.02379221612684679
10.5910646070265 2.839106182571228 2.380377084477047 0.1761347793149836
10.729974285699555 2.1670382166892668 2.1246823445719674 0.1418385651794066
10.77451696572855 1.4668481374312643 2.150030313083269 0.13944143309735496
10.574031267727719 2.7789839339991316 2.1409568341708978 0.16021921418987453
10.584331224367531 3.200083224779273 2.351970151012743 0.342876093242462
10.597695185925513 2.4890678386119114 2.3533364106084833 0.1638234209852188
10.829303772831025 1.21580547112462 1.940708783858346 0.1412378051555593
10.69460519893357 2.1491510853212983 2.2192464999719506 0.15367577645878602
10.757396028793025 1.2753204242565945 1.9239012151364052 0.1432973046142495
10.546542663478132 3.355307306675088 1.9253480367520193 0.3816325924131305
10.56702636615906 3.6831892417925483 2.3801037178984097 0.15252383209666331
10.521138083704036 3.9759559296674323 2.5317126630763074 0.1449900960939231
10.4345689040342 4.1346325764348295 2.25302360557655 0.022633784851829125
10.588831725594208 2.2494191798237173 2.1684697381728135 0.14987328719370172
10.496929648073214 3.2220504409922257 2.15438983598328 0.14104912987771534
10.491361693834273 4.370176347821215 2.345931848213562 0.14352103388702142
10.552668216112194 3.0893816493162616 2.1971889128725666 0.18833547564550274
10.81690383937566 1.376783199008716 2.3311407324497115 0.17033380875007798
10.703291378118662 2.106593638087213 2.327303446605009 0.16817459571558432
10.702430536445526 1.955696158909359 1.8533002360550785 0.1754510612287972
10.549003262025789 3.066498867848618 1.5883083658014638 0.42289624591581854
11.008600171761918 0.7492358645585894 2.137444205468455 0.15292003010233593
10.765668554759014 1.8917825880032682 2.2498198674262664 0.13369056127856474
10.629409599102718 2.772460497534345 2.2301057212681847 0.13981738272785
10.65417654187796 1.6367352715488233 1.7602165751884546 0.19457183711956413
10.424881636631067 5.191006173706085 2.254604726730505 0.13819975011616425
10.32633586092875 5.079510728418224 2.412765049596789 0.05389108063529772
10.571708831808687 2.654190419536704 2.1917669985159973 0.031727032317320436
10.911157608739977 0.8044987999115584 1.6440525246256028 0.14865383806626123
10.771587480881255 1.5429003440667768 1.992446501600793 0.15446015099037963
10.583198773968622 2.664251079021687 2.064066943701587 0.17165406422783805
10.477121254719663 3.3868866695614415 1.7997836577511375 0.167018217703793
10.73559889969818 2.019424791193073 2.329231645798647 0.15385215067982
10.41664050733828 5.0409011733820455 2.270279622715014 0.18549411825359263
11.060697840353612 0.8759840661519002 2.0582621677249775 0.1454574299657472
10.893761762057943 1.2477478151935757 2.3453489627149837 0.14888756752356078
10.396199347095736 4.132901558470094 2.2219577326511235 0.036593052397111046
10.436162647040756 4.548932034820007 2.378871115793324 0.04061127601043599
10.459392487759231 3.2264678921213874 2.0799525372865584 0.04214518681716781
10.58206336291171 2.4325202956307845 2.166824931224688 0.15549715326427066
10.6232492903979 2.305481463101958 2.1859924843975302 0.37016890571037336
10.862131379313038 1.4553401440071 2.0958921262452406 0.15485018179828505
10.641474110504099 2.3990942923365792 2.267893974289021 0.1621098268681224
10.517195897949975 4.434548830849678 2.48268067616385 0.15858619900138918
10.507855871695831 4.153372727444355 2.2934867518034343 0.14965223740939085
11.08278537031645 0.6387643856557921 1.8776908868808235 0.15895625094900542
10.569373909615045 3.230287928671497 2.340972394836853 0.1624554835789913
10.313867220369154 6.492165137073214 2.0235994346632142 0.1440118277867433
10.565847818673518 3.0914308369046046 2.21223434156706 0.1364739369636769
10.745074791582057 1.9680304388707879 2.1296610238660643 0.1390294340233099
10.903089986991944 1.4654798089448546 2.3191381630042667 0.17505686147394237
10.921166050637739 1.1297952519443413 2.4057742915655216 0.13839780461745005
10.698970004336019 2.2926617455492835 2.276501081230891 0.03454825014589582
10.701567985055927 2.3739456444140195 2.1105374807223143 0.1364151320552365
11.037426497940624 0.7847761396184474 2.0946058609675617 0.19305492877176703
10.611723308007342 2.388720144979388 2.5253469923607303 0.02802399087094824
10.970346876230094 0.8693622786031812 1.5731193014286307 0.18144728280114775
11.093421685162236 0.6478226156626 1.974448043529647 0.15658710399043485
11.01703333929878 0.701426233341127 2.0963479207735864 0.15493573696115912
10.58092497567562 2.7352204074794604 1.8926988718102973 0.04410527863806004
10.563481085394411 3.36932819866698 2.1030770485519943 0.15983678870452298
10.547774705387823 4.08384678686133 2.2640871800234614 0.12715061269424077
10.879669205632053 1.2889004476208044 2.2046587196522545 0.13560073044042564
10.730782275666389 2.6069116248888227 2.4857441850450015 0.14098012108188837
10.902546779313992 1.3586240290593377 2.1013990485084784 0.19440251783098195
10.896526217489555 1.305954934085093 2.166301360934911 0.174707757922901
10.546542663478132 3.6636995223621365 2.2021202900387693 0.01372123481485387
10.719331286983726 2.021922948162536 2.1459630642682654 0.1559852294975437
10.75815462196739 1.7505052594726205 2.0130902384181617 0.04652348125637246
10.505149978319906 3.541576204950065 2.038764475919492 0.14680855441566787
10.852479993636857 1.1587231115252699 2.241872131380295 0.1475800147855846
10.519827993775719 3.7256015731483827 2.1634348797445804 0.1438140897094163
10.70586371228392 1.8462737750486355 2.3041910646757 0.1604840088203784
10.48572142648158 4.271212030911656 2.1271271088604893 0.13413123775350802
10.754348335711018 1.880584418364289 2.343397200367062 0.025066664591972182
10.91960102378411 0.7472072475967881 1.7642815056842616 0.1739802763680928
10.598790506763114 2.887483306737133 2.095834060240686 0.14607560084886703
10.423245873936807 4.833727951236697 2.308722803564108 0.1545572590236198
10.60422605308447 2.786760941277114 2.439691368149828 0.12446135607874598
10.53529412004277 2.9369728165442717 1.6979512755888941 0.39421307067740463
10.589949601325708 2.991515481650736 2.304523487879768 0.17214756786781363
10.494154594018443 3.1731186746384314 2.270547988308023 0.15755651836728804
10.517195897949975 3.0751484452023066 2.0614675829985214 0.05396507079359697
10.81690383937566 1.4231172489753556 2.252931595023786 0.14284745441013305
10.639486489268586 2.270672079099061 2.230609947842461 0.16396084461713722
10.64738297011462 2.2688776488168587 2.2192749994561414 0.1529303714908601
10.505149978319906 4.830655666521928 2.2357881901845467 0.13832671763141086
10.553883026643874 3.905520368137746 2.323177077108724 0.1296842995337716
10.51587384371168 3.283098397636169 2.3478115054217152 0.12318215416885271
10.564666064252089 3.1471803748457465 1.8766137622764498 0.16111708803160646
10.612783856719735 2.8277008779640553 2.282197599987572 0.1564711549148986
10.701567985055927 2.719246829056059 2.2834767714683744 0.13937283669434444
10.622214022966295 3.357662569420192 2.2512225358159004 0.1316329487415531
10.4983105537896 3.515083845088187 1.9926525310321668 0.029471020186650175
10.565847818673518 2.8318450414393324 2.067103276202233 0.14020172823100613
11.03342375548695 0.7759605024042714 2.2150311884916656 0.039263740071635814
10.721810615212547 1.8703431956172998 2.2285873959032383 0.1712560267104274
10.276461804173245 5.444933799254251 2.4552076699575025 0.12961705960420175
10.788168371141168 1.166867745088194 2.1491069627248733 0.021509260028054773
10.980911937776844 0.6442915991181373 1.9753118990599692 0.16216828522259052
10.278753600952829 8.341522499257263 2.296787634830546 0.12781674673677687
10.369215857410143 6.086449855446816 2.2204327137843984 0.03107094239031935
10.39093510710338 5.171762529609664 1.997205877828239 0.25583682620252635
10.59659709562646 1.9457284664471768 1.9390423333381495 0.18266152581064304
10.822168079368018 1.2424862280210727 2.0111387912060783 0.15370280779449078
10.730782275666389 2.2114358675527477 2.2569877186689187 0.1647928807606795
10.530199698203083 3.560829340209064 2.3857744245286487 0.15132996662061976
10.45178643552429 4.510939027140816 2.117581834784778 0.13602836746140495
10.747411807886424 1.9885394876559082 2.103504428963586 0.1390467512847455
10.693726948923647 2.250189420242212 2.305944522855094 0.1633649669399193
10.340444114840118 6.106785471402201 2.317396971429548 0.14494807567290385
10.752048447819439 1.9289960382571405 2.249842144475065 0.05439338417299254
10.94546858513182 1.1372330087050018 1.987710622044451 0.1437054088515171
10.36735592102602 6.205751408407395 2.0086407623483478 0.17469297191940666
10.556302500767288 2.4002508804940414 2.2271372101916707 0.18450106473939734
11.136720567156408 0.5451473958118734 1.8269950237644152 0.18797553685402146
10.54282542695918 4.068444423431751 2.463846030856272 0.14596703168657174
11.012837224705173 1.0159816870354834 2.143057042242643 0.1631721139964794
11.269512944217917 0.4015332969151971 2.2593288124458812 0.16108837789401786
10.429752280002408 3.147664191042232 2.13971154922608 0.14884397650319264
10.79379038469082 1.6056227512555272 2.0175262668182405 0.13920104233365177
10.376576957056512 5.436825186001452 2.0930265100426464 0.1298346316984777
10.81888541459401 1.475939873899387 1.9792235619223755 0.14906437879286485
11.089905111439398 0.5330622129495285 2.005075532299404 0.2751184792199151
10.762678563727436 2.1748309068969887 2.208770167272687 0.13702773171220725
10.96473092105363 1.1020238621132674 2.400658955416757 0.1440990787669451
11.161368002234974 0.42822705017443513 1.95946875658976 0.14922544304567348
10.556302500767288 2.798282433540792 2.2734231850778372 0.13720934876589153
10.842609239610562 1.023153208458732 2.333929487905894 0.16041384018647306
10.994756944587628 0.940508859241862 2.1891140267261586 0.14886522688981135
10.919078092376074 1.130008527379165 1.7472858338074 0.07225426171777212
10.935003151453655 1.3868695228109778 2.257068377028243 0.15944881329105923
10.33645973384853 5.1825809253008 2.3096397841746357 0.15457567937038236
10.576341350205793 2.902453379342594 1.839148487499396 0.3955405301885984
10.539076098792776 3.338194212625402 1.903991650593748 0.4000601436774846
10.81888541459401 1.4957069257819682 1.9914017035193436 0.13374186422332848
11.008600171761918 1.0344563357257797 2.1642396662732253 0.1680274920086544
10.685741738602264 2.381474634161627 2.365683450164416 0.17566114554892356
10.952308009662126 1.3084641151293344 2.329407459161064 0.16406535582989315
10.544068044350276 3.4613237392221325 2.1635566857564186 0.1423766620842771
10.526339277389845 3.2566217976552325 2.4222047511505638 0.14170661553506808
10.825426117767822 1.57070747390646 2.2562529819182973 0.13791200746762156
10.290034611362518 5.989957357738513 2.2888738219115052 0.16167189737198276
10.65991620006985 2.185333372605991 2.4495062528468337 0.03213633572703887
10.232996110392154 7.668614291554621 2.4542892484367798 0.14800249029893447
10.673020907128896 1.9359959731283758 1.9336476695042404 0.3694726569310521
10.745855195173728 1.6526722228675266 2.080644780650494 0.13606168745832453
10.58092497567562 2.6326496421989805 2.2078895046542577 0.13734155492355318
10.632457292184725 2.0546829057467355 2.1554792915336627 0.14559915871584578
10.845718017966659 1.226459564309531 1.988108157495215 0.13935624963506416
10.749736315569061 1.7615890151017626 1.9901534970307853 0.14735674496469303
10.837588438235512 1.565198073291662 2.208250630262547 0.1331610095957897
10.807535028068854 1.4744414369446326 2.2837199219358597 0.1540084503926658
10.693726948923647 2.3117180372019597 2.320621440775333 0.16654045825376557
10.656098202012831 2.080020397619383 2.147275439094136 0.1338304745079779
10.723455672035186 2.011020391746772 1.7724026353141566 0.3749393861101645
10.630427875025024 2.08464471044285 2.2622579468842132 0.17492793282442837
10.8926510338773 1.3788172527844602 2.095547442646139 0.030161803209623333
