10.909556029241175 1.1015830711280425 1.7660250537841913 0.17284406612316675
10.802773725291976 1.661646397543772 2.2084622286780418 0.021459041361107094
10.815577748324268 1.367714761094756 2.0347895135187004 0.05942318876581927
10.649334858712141 2.463154902262403 2.3329965906967107 0.04348301828291161
10.879095879500072 1.02674645844172 2.0603304811121994 0.037428559018564865
10.82020145948564 1.5634412261057897 2.2176521017998723 0.049296933645950496
10.531478917042255 3.1799954024162855 1.9453822396921996 0.04210167129591032
10.816241299991782 1.4319192026331402 1.8969571731432848 0.138713380952369
10.715167357848458 2.1501651945983165 2.2820347538530634 0.026391205192838225
10.613841821876068 3.1694616035574037 2.3225002353911295 0.03778484853210477
10.931966114728173 1.3255022053614278 2.4006810267536567 0.10951217954086619
10.710117365111817 2.437705205262396 2.3360377797574126 0.02679312500046043
10.46686762035411 3.8679330566007537 2.2042906005391623 0.045711934067823486
10.570542939881898 3.291639236339697 2.3823335460947472 0.104329750026125
10.88309335857569 1.0628067646798054 2.1967503699933317 0.04122044227542434
10.959994838328416 0.9427063098475672 2.0706955639952906 0.03753653091678977
10.826722520168993 1.0289177661742315 1.5977176976984098 0.2826123700944668
10.403120521175818 4.891368707940665 2.51196759845509 0.048864012215277836
10.724275869600788 1.663130125594999 1.999698428284712 0.048090845867969835
10.505149978319906 3.1073599652627006 2.375076797803643 0.03509587020292655
10.840733234611807 1.384729999580195 2.2860483362886357 0.14651133162808513
10.505149978319906 3.7722535822839776 2.276129745068675 0.03646539154582135
10.800717078282386 1.3741020243271023 2.0215479232858646 0.05798970505380578
10.733999286538387 1.87466051820744 2.3659725116328976 0.25498666758316996
10.861534410859038 1.3378877261343824 2.2938712524561793 0.061976033075529575
10.800029359244133 1.4038052756929051 1.9731198119160926 0.056364751930209636
10.638489256954637 2.21600011978379 2.0882157621981317 0.04382448032435746
10.514547752660286 3.372811158427845 2.477339732975497 0.023414178674536042
10.944975908412047 0.8625180697535614 2.178495079986123 0.048578971881375874
10.924795995797913 1.5489283223092662 2.2977858803758995 0.024154401233744054
10.361727836017593 4.851894504332723 2.215394836285226 0.032838483324935615
11.004321373782643 0.8684324793747286 2.2658223492619856 0.15789539675060774
10.866287339084195 1.3528642025633528 1.9304219221388914 0.1383581644628183
10.54157924394658 3.1443244942878104 2.3205141368790616 0.031527785404729225
10.618048096712092 2.029830132514426 2.0486042439763255 0.05902454522251913
10.450249108319362 4.018809877957521 2.304064832330516 0.03863407044639638
10.634477270160732 2.1257453961492776 2.045622728271317 0.23914080562669318
10.921686475483602 1.1752439541238842 2.2537130427579766 0.15759244529863475
10.603144372620182 2.3064353878655512 2.3800446527645827 0.05546675941233712
10.484299839346786 4.199796416648278 2.489061214762243 0.04424295895770916
11.03342375548695 0.7799810231421174 1.8205775663634394 0.27451618477258866
10.47567118832443 3.4127363319909905 2.197466864131948 0.03769392209441141
10.850646235183067 1.133004292555182 2.186137084456647 0.05342480360732577
10.880241775895481 1.2700395943424885 2.256404993306944 0.03970499945126246
10.66651798055488 2.1242906553670626 2.277032706394013 0.053758991972099976
10.547774705387823 2.6569605601266484 2.228983067754193 0.06416280834514225
10.683047038238849 1.7296580502069283 2.0750920322090423 0.035064736708051915
10.564666064252089 2.7567407042821768 2.162045033236497 0.02337966201840706
10.7160033436348 2.3798390059788237 2.3726916482568545 0.042193209554336045
10.713490543093943 1.5789681443176884 2.034385482914072 0.04068761298539467
10.752048447819439 2.1364976041254384 2.4097168582671116 0.035559886058520805
10.741151598851784 2.088335817008195 2.1061857805845032 0.032649585567826385
10.5910646070265 2.839106182571228 2.3343897543504046 0.06823560041340679
10.729974285699555 2.1670382166892668 2.253886085782924 0.02570574275480863
10.77451696572855 1.4668481374312643 2.168359167876288 0.03655198867654441
10.574031267727719 2.7789839339991316 2.1561150564004263 0.04736921513664073
10.584331224367531 3.200083224779273 2.3617121790416475 0.32110325288133046
10.597695185925513 2.4890678386119114 2.218766610475961 0.08520230045217261
10.829303772831025 1.21580547112462 1.9525061670464834 0.035934429318290065
10.69460519893357 2.1491510853212983 2.195313797213222 0.03709678620235652
10.757396028793025 1.2753204242565945 1.9171344970335562 0.12445716184270378
10.546542663478132 3.355307306675088 1.839900318661157 0.2887636496780299
10.56702636615906 3.6831892417925483 2.37334929670513 0.03887919777971195
10.521138083704036 3.9759559296674323 2.529846412922945 0.03509976091465585
10.4345689040342 4.1346325764348295 2.1979044986098812 0.02271008012574104
10.588831725594208 2.2494191798237173 2.135028830496816 0.13494559567224393
10.496929648073214 3.2220504409922257 2.2221995714151057 0.032144138636698356
10.491361693834273 4.370176347821215 2.4049811104734706 0.030153629178070847
10.552668216112194 3.0893816493162616 2.282597443933708 0.13703326517430756
10.81690383937566 1.376783199008716 2.26035093949438 0.06416108918913839
10.703291378118662 2.106593638087213 2.2532872381326183 0.06370785505783771
10.702430536445526 1.955696158909359 2.063581000597204 0.1286742790886507
10.549003262025789 3.066498867848618 1.5977124830038505 0.4153202864125701
11.008600171761918 0.7492358645585894 2.1078441521101112 0.14908134927039732
10.765668554759014 1.8917825880032682 2.306453804343679 0.03356678335329363
10.629409599102718 2.772460497534345 2.1049013320515604 0.030562626028345283
10.65417654187796 1.6367352715488233 1.8147905738773513 0.07081395733145451
10.424881636631067 5.191006173706085 2.380226923983159 0.02784589905396403
10.32633586092875 5.079510728418224 2.394124322717907 0.028480865561757576
10.571708831808687 2.654190419536704 2.2018697315525086 0.025977959762999072
10.911157608739977 0.8044987999115584 1.6957914980200812 0.05764185955166087
10.771587480881255 1.5429003440667768 2.114204622432554 0.043311048004455295
10.583198773968622 2.664251079021687 2.159598537697693 0.047286368458161095
10.477121254719663 3.3868866695614415 2.1444131513182025 0.12964843836560108
10.73559889969818 2.019424791193073 2.3353020725500073 0.04624759063802318
10.41664050733828 5.0409011733820455 2.1665355872268246 0.052907172823011335
11.060697840353612 0.8759840661519002 2.0670291751722956 0.12498898914254941
10.893761762057943 1.2477478151935757 2.372266375728072 0.06280661983971365
10.396199347095736 4.132901558470094 2.085702012015254 0.05022711816650917
10.436162647040756 4.548932034820007 2.274572079243053 0.04693395529955942
10.459392487759231 3.2264678921213874 2.070716749335434 0.061235851798094286
10.58206336291171 2.4325202956307845 2.1735739447856552 0.03427382989792153
10.6232492903979 2.305481463101958 1.920047164927204 0.2624272313504031
10.862131379313038 1.4553401440071 2.085814567491181 0.13022114492387085
10.641474110504099 2.3990942923365792 2.282438084367751 0.04439329084159739
10.517195897949975 4.434548830849678 2.463836883618716 0.017424161402780643
10.507855871695831 4.153372727444355 2.287683725715317 0.031404867221273794
11.08278537031645 0.6387643856557921 1.8531789275699295 0.1409665090416776
10.569373909615045 3.230287928671497 2.3553969296915906 0.05602642763044795
10.313867220369154 6.492165137073214 2.2068782997645986 0.015525072566507267
10.565847818673518 3.0914308369046046 2.2296954454771627 0.1531166513298275
10.745074791582057 1.9680304388707879 2.147165044571091 0.02895655479018252
10.903089986991944 1.4654798089448546 2.303853500775546 0.14048290550155765
10.921166050637739 1.1297952519443413 2.40475331767923 0.04768077539475035
10.698970004336019 2.2926617455492835 2.3113389040217207 0.021845600845869978
10.701567985055927 2.3739456444140195 2.170717438168929 0.028551495403898834
11.037426497940624 0.7847761396184474 2.107241056555705 0.06920025209342671
10.611723308007342 2.388720144979388 2.422860657657531 0.04477771106077905
10.970346876230094 0.8693622786031812 1.8552309818298964 0.06530049013890875
11.093421685162236 0.6478226156626 2.0072440862462906 0.04477028177347105
11.01703333929878 0.701426233341127 2.04179612429186 0.06242935243221029
10.58092497567562 2.7352204074794604 2.101390141681514 0.030650772885957838
10.563481085394411 3.36932819866698 2.20187741750302 0.05088380397107788
10.547774705387823 4.08384678686133 2.2443737419362493 0.015347407339126899
10.879669205632053 1.2889004476208044 2.246606031997552 0.01774132010443683
10.730782275666389 2.6069116248888227 2.5099789149506266 0.02966575190475752
10.902546779313992 1.3586240290593377 2.1626916657295783 0.13871492729769938
10.896526217489555 1.305954934085093 2.1428366329883466 0.07113158990699563
10.546542663478132 3.6636995223621365 2.277412909862464 0.02250700669534351
10.719331286983726 2.021922948162536 2.18564692050594 0.04011683366177456
10.75815462196739 1.7505052594726205 2.018431524707955 0.050914455837010396
10.505149978319906 3.541576204950065 2.1238337891377586 0.034006356694720866
10.852479993636857 1.1587231115252699 2.226060890276801 0.10575060981440344
10.519827993775719 3.7256015731483827 2.2115920548127552 0.031307900723170676
10.70586371228392 1.8462737750486355 2.350937441259821 0.1269002896335492
10.48572142648158 4.271212030911656 2.259697190461861 0.03349164467638447
10.754348335711018 1.880584418364289 2.4095216314658816 0.0394101339354852
10.91960102378411 0.7472072475967881 1.8874040607646438 0.14328359672583968
10.598790506763114 2.887483306737133 2.0125449971730056 0.030333883138572694
10.423245873936807 4.833727951236697 2.446045200230433 0.05649238201016866
10.60422605308447 2.786760941277114 2.438887573743516 0.10083862960353945
10.53529412004277 2.9369728165442717 1.9673034286492954 0.25784055991693267
10.589949601325708 2.991515481650736 2.2792253653556944 0.059041932425547575
10.494154594018443 3.1731186746384314 2.3102464581234146 0.036213735142655475
10.517195897949975 3.0751484452023066 2.1137435843589336 0.04108706370214335
10.81690383937566 1.4231172489753556 2.13706468999646 0.05110553000030719
10.639486489268586 2.270672079099061 2.2289887603171974 0.04884462166483811
10.64738297011462 2.2688776488168587 2.231317100557842 0.12610981844043853
10.505149978319906 4.830655666521928 2.2611680218477344 0.11666796313245514
10.553883026643874 3.905520368137746 2.365355305632441 0.018521593763798184
10.51587384371168 3.283098397636169 2.351137213931929 0.1019625573262474
10.564666064252089 3.1471803748457465 1.793406745765482 0.1441732829634077
10.612783856719735 2.8277008779640553 2.2706742125721386 0.04345875455556527
10.701567985055927 2.719246829056059 2.304965246148752 0.03445957394827879
10.622214022966295 3.357662569420192 2.288127806073012 0.11071920302450428
10.4983105537896 3.515083845088187 1.9816336184688406 0.0319489995623777
10.565847818673518 2.8318450414393324 2.002625559270662 0.03311200272323635
11.03342375548695 0.7759605024042714 2.2183041920553626 0.0320993308549259
10.721810615212547 1.8703431956172998 2.2224365202728804 0.12461434344716969
10.276461804173245 5.444933799254251 2.424116178689007 0.09756967769886743
10.788168371141168 1.166867745088194 2.0909869248015007 0.03959788390910863
10.980911937776844 0.6442915991181373 1.9209018924023062 0.06608342345854873
10.278753600952829 8.341522499257263 2.2856840799648976 0.01798532064295178
10.369215857410143 6.086449855446816 2.2245293429887 0.04185014900291274
10.39093510710338 5.171762529609664 1.7001778904268592 0.27309198234065146
10.59659709562646 1.9457284664471768 2.0024739002588516 0.06856718023599084
10.822168079368018 1.2424862280210727 2.05387957583738 0.03764722039055435
10.730782275666389 2.2114358675527477 2.1940932992827875 0.12146413237870078
10.530199698203083 3.560829340209064 2.339592054423233 0.12839172229184737
10.45178643552429 4.510939027140816 2.164157628667354 0.018949259915657313
10.747411807886424 1.9885394876559082 2.1946634152789852 0.11251806672984696
10.693726948923647 2.250189420242212 2.2660116063139673 0.13456231273606306
10.340444114840118 6.106785471402201 2.2967071518289446 0.03396185859934199
10.752048447819439 1.9289960382571405 2.336063743784891 0.013884079883880811
10.94546858513182 1.1372330087050018 2.0817377164195445 0.03756812012069212
10.36735592102602 6.205751408407395 2.345828954262425 0.04837241520484238
10.556302500767288 2.4002508804940414 2.177994713514719 0.0626895997831783
11.136720567156408 0.5451473958118734 1.847212936459356 0.15617359249232388
10.54282542695918 4.068444423431751 2.471578629599752 0.11537709906120736
11.012837224705173 1.0159816870354834 2.144728887274128 0.17116722634242487
11.269512944217917 0.4015332969151971 2.30394785070114 0.13378023959246468
10.429752280002408 3.147664191042232 2.2833614681822385 0.03357016341580793
10.79379038469082 1.6056227512555272 2.0845771547436223 0.11606400652016481
10.376576957056512 5.436825186001452 2.1863547498272546 0.04073116183073691
10.81888541459401 1.475939873899387 2.056715547978449 0.03557605231496693
11.089905111439398 0.5330622129495285 1.966732164433708 0.2633081860992399
10.762678563727436 2.1748309068969887 2.243055667531948 0.11224363292161561
10.96473092105363 1.1020238621132674 2.390440874450893 0.12557461190700253
11.161368002234974 0.42822705017443513 2.06534492574906 0.12171367671346178
10.556302500767288 2.798282433540792 2.2168944659871426 0.12320158237429396
10.842609239610562 1.023153208458732 2.3063436925562106 0.02497920825607755
10.994756944587628 0.940508859241862 2.1934665171195946 0.034380190587983354
10.919078092376074 1.130008527379165 2.029780198484858 0.06376842018281949
10.935003151453655 1.3868695228109778 2.224873696583395 0.03864163789472813
10.33645973384853 5.1825809253008 2.2299722789758327 0.045173358286764054
10.576341350205793 2.902453379342594 1.8826892463969518 0.27597344750487657
10.539076098792776 3.338194212625402 2.267879486855561 0.3662933857780476
10.81888541459401 1.4957069257819682 2.200051756123556 0.026955139932259356
11.008600171761918 1.0344563357257797 2.29211957419698 0.029278150386140726
10.685741738602264 2.381474634161627 2.351033212241901 0.14263882767271388
10.952308009662126 1.3084641151293344 2.2907693407157486 0.13741443272942183
10.544068044350276 3.4613237392221325 2.223176593252445 0.10866586650231612
10.526339277389845 3.2566217976552325 2.321540286409168 0.020629639208422007
10.825426117767822 1.57070747390646 2.2558158657943364 0.12072309570453016
10.290034611362518 5.989957357738513 2.4363102278394653 0.03967145988476777
10.65991620006985 2.185333372605991 2.4384140085415256 0.026736400447483218
10.232996110392154 7.668614291554621 2.3669118796219304 0.044637751388922633
10.673020907128896 1.9359959731283758 2.0509037027453854 0.34498010867164297
10.745855195173728 1.6526722228675266 2.18516287683428 0.0415674197077896
10.58092497567562 2.6326496421989805 2.2782769852154683 0.03288373991296085
10.632457292184725 2.0546829057467355 2.110353731040585 0.13465106050428965
10.845718017966659 1.226459564309531 1.9805535237034686 0.02983101819860799
10.749736315569061 1.7615890151017626 2.0468105270933594 0.04226448324262868
10.837588438235512 1.565198073291662 2.249892438013745 0.022955766887917544
10.807535028068854 1.4744414369446326 2.3068801727907653 0.0259073612440678
10.693726948923647 2.3117180372019597 2.2964084924361963 0.13590632926606544
10.656098202012831 2.080020397619383 2.227470521562474 0.018627036484741007
10.723455672035186 2.011020391746772 2.104416748540972 0.3270026700757619
10.630427875025024 2.08464471044285 2.192347206293369 0.058270545464373415
10.8926510338773 1.3788172527844602 2.0614807284212744 0.028951317639301005
