10.942353967362758 1.0208653522158853 1.766025053753887 0.17284406616380196
10.87137109001194 1.4180412531066746 2.2084622285911655 0.0214590413659644
10.854602241725658 1.2517470113718938 2.0347895135543053 0.05942318875442075
10.762748479608895 1.902270278532698 2.3329965907549064 0.04348301827902225
10.898822482139044 0.9799343249503377 2.0603304809881204 0.03742855902892989
10.89001888024191 1.3332614504811726 2.217652101799775 0.04929693365685801
10.669271361332742 2.3187440339345344 1.945382239676165 0.0421016712961692
10.860071127454365 1.2941070510660118 1.8969571731395618 0.13871338095745012
10.822457161685044 1.6807193309267343 2.2820347538586647 0.02639120520130031
10.831470343178358 1.9256428501145562 2.3225002353793265 0.03778484852595211
11.001270712728854 1.1287405015650918 2.4006810267075362 0.1095121795523758
10.880891494977316 1.6491803884396168 2.336037779853521 0.026793125003229144
10.653088416449647 2.522164030300043 2.204290600406014 0.04571193408741696
10.75983403292276 2.132858455819978 2.382333546072366 0.10432975002739202
10.906483280034406 1.00670467812211 2.1967503701051356 0.0412204422708944
10.987691084186896 0.8851722510971435 2.070695563824316 0.03753653091747055
10.849349210516387 0.9737212734899118 1.5977176976446072 0.2826123701090558
10.760337665035967 2.163011471238074 2.511967598398544 0.04886401221517603
10.802126849349413 1.389703088152843 1.999698428295006 0.04809084588412503
10.687729674442798 2.0442593023933053 2.3750767978027696 0.035095870194832714
10.898502127439064 1.2149178239315215 2.286048336181023 0.14651133165969932
10.890905362195904 1.5649590951965384 2.276129745067233 0.03646539154215771
10.863184987982686 1.1925620264088688 2.021547923164925 0.05798970507800189
10.86861259546197 1.38021895495275 2.3659725116152535 0.25498666768198075
10.939731180811 1.1196503560348683 2.2938712523865945 0.06197603308453947
10.837692033355516 1.2862889496353747 1.973119811917742 0.05636475193033326
10.790432901126904 1.5617975747037114 2.0882157620810995 0.04382448034462129
10.727837195512874 2.067872533451146 2.4773397329360147 0.023414178676862553
10.980832800350166 0.7939891916755732 2.178495080033387 0.0485789718702759
11.04511529969383 1.1784059576796269 2.2977858803693603 0.024154401235679364
10.764358103701676 1.9327734603534692 2.2153948362884233 0.032838483320397634
11.030393079496843 0.8169910772255573 2.2658223492987166 0.15789539674547026
10.983703611636251 1.03449886344064 1.9304219221574934 0.13835816444643423
10.739510817712548 2.000201404766435 2.3205141367932707 0.03152778541772944
10.682494902044558 1.7507863758822968 2.0486042441559973 0.05902454519034229
10.711823349716347 2.20874295760214 2.3040648322937245 0.03863407044526467
10.718764826087854 1.7555177251363394 2.0456227282588366 0.23914080564641865
10.96774584337364 1.055924487769892 2.253713042855393 0.15759244525436614
10.741262248383043 1.6805691110152579 2.380044652809627 0.05546675940265808
10.771866860681452 2.1760533388039476 2.489061214696164 0.04424295896516362
11.063894794338772 0.7286095446051652 1.8205775663595118 0.27451618477419176
10.726489589604371 1.918107777077378 2.1974668641864388 0.037693922081612576
10.89363609846183 1.0291985847507636 2.186137084565293 0.0534248035828359
10.954521800122388 1.071082246533847 2.2564049933848582 0.03970499944339505
10.786043339411103 1.614355395922519 2.2770327064812697 0.05375899196893595
10.678231395986113 1.968036899111364 2.228983067868486 0.06416280832549126
10.780893104671689 1.384439300854409 2.0750920322544313 0.0350647367038065
10.741132378669924 1.8419974503175254 2.1620450333605477 0.023379662010305485
10.904777350859217 1.545238283187269 2.3726916483277303 0.04219320954337886
10.769342960482991 1.3863201353806651 2.034385483061959 0.04068761296559637
10.926911747979071 1.43238180370219 2.4097168582706026 0.035559886059588104
10.874278501385138 1.5415666390186784 2.1061857807236017 0.03264958555579811
10.809935940822461 1.7240826868108916 2.334389754340505 0.06823560041714148
10.928685850215096 1.3790188137539108 2.2538860858626855 0.025705742754707165
10.841487965978514 1.257875844959067 2.168359167822874 0.03655198867429654
10.76228355977967 1.8090963841198875 2.156115056451445 0.047369215118692166
10.736530535023961 2.2536271411106417 2.36171217912826 0.3211032528591027
10.74749438988398 1.7660608746004909 2.2187666105583808 0.08520230044021386
10.866972324658004 1.1175097340595257 1.9525061670584851 0.03593442931519426
10.839380785582213 1.5396918662763475 2.1953137970990593 0.03709678621894758
10.803094511944318 1.1491187581805458 1.9171344970084292 0.12445716185731193
10.729828734695785 2.2040760394724157 1.8399003186860032 0.2887636496317523
10.838483076931677 1.9774496708922529 2.3733492967295473 0.038879197773955834
11.02576262365813 1.270764888235138 2.5298464128905964 0.03509976092284314
10.857079712983014 1.5794278647878583 2.197904498524342 0.022710080130886184
10.739597229122905 1.5928088256379993 2.135028830631091 0.13494559562726544
10.662671937233865 2.2002340679409373 2.2221995713586895 0.03214413864352064
10.836591111811629 1.9873920491609698 2.404981110414122 0.0301536291769847
10.85056991617059 1.5665767318142223 2.28259744397632 0.1370332651525007
10.903380965152556 1.130266538641558 2.2603509393804844 0.06416108919614219
10.794978544086353 1.7093169930818042 2.2532872381445896 0.06370785506751507
10.760933917759196 1.7102632932491617 2.0635810006162467 0.1286742790950117
10.66921285687324 2.3235348119261303 1.5977124830272038 0.4153202863944124
11.024472647427116 0.7217430168274112 2.1078441521180222 0.1490813492821041
10.971847514325871 1.185338876106031 2.3064538042446063 0.0335667833591467
10.768074425449827 2.019025262980395 2.1049013319786636 0.030562626032726498
10.718080967872393 1.4115125058686666 1.8147905738888739 0.07081395735981048
10.730269227189126 2.574032688478686 2.380226924069763 0.02784589904704598
10.751443143483389 1.9243711503085896 2.3941243226426736 0.02848086556120752
10.785891177884583 1.6267730963558626 2.2018697314434585 0.025977959768289885
10.927516582836303 0.7771747241159248 1.6957914980123507 0.057641859552842865
10.813814034620247 1.3968968566798514 2.1142046224562825 0.043311048009842056
10.718872754500541 1.9545596378345063 2.1595985378150675 0.047286368438268944
10.609752243632398 2.5006971399202205 2.1444131513787617 0.12964843833289638
10.832935523451077 1.6178855341613836 2.3353020726237297 0.046247590638734036
10.771602159987346 2.235505804423456 2.1665355872243652 0.05290717281281182
11.09862291716421 0.8017061519913257 2.0670291752615673 0.12498898912243005
11.003650332766586 0.9721288191716857 2.3722663757970195 0.0628066198251125
10.713651746891994 1.9998484477890275 2.085702012068215 0.050227118150620836
10.911407566937694 1.5417304257286317 2.2745720792897717 0.046933955285229076
10.678058372304102 1.9543601862114073 2.0707167494920045 0.061235851760150985
10.73696200002621 1.7031595583720456 2.1735739447344367 0.03427382989812495
10.713799439924708 1.8759251994884207 1.9200471649420858 0.2624272313486312
10.924581405150004 1.2588981435507265 2.085814567341881 0.13022114497396067
10.7890763027945 1.7090038375859198 2.282438084312223 0.04439329084785082
10.971563864296483 1.5768474979693863 2.4638368835960285 0.017424161408907228
10.790430989288954 2.1707081897714255 2.2876837256280806 0.03140486723212757
11.09650832248961 0.619673644347505 1.8531789275396882 0.14096650905014615
10.71789970792913 2.2957154516183285 2.3553969297747224 0.05602642762473647
10.659929080348626 2.932696145061377 2.206878299760232 0.015525072567690014
10.692358569419577 2.313632335569286 2.229695445357325 0.1531166513729928
10.817951436646286 1.66154287558955 2.1471650447098853 0.02895655478092325
10.97946605777351 1.2307977880201495 2.303853500682077 0.14048290552381032
10.951470105942827 1.0549653428200643 2.4047533177000444 0.047680775387661425
10.80357776469028 1.803668936555267 2.311338904126719 0.021845600837443177
10.816915931346175 1.819352004593227 2.1707174380897825 0.028551495407965897
11.054710135158622 0.7524929554337723 2.1072410565045336 0.0692002520890355
10.675803404046816 2.0605514683285535 2.422860657679987 0.04477771106407866
10.986452709731026 0.8358379665015209 1.8552309818057184 0.06530049011563271
11.10760765478833 0.625971856196355 2.007244086175326 0.04477028176714927
11.026709229929933 0.6860901470007911 2.041796124213929 0.06242935242483688
10.670657725719394 2.2248215753483547 2.101390141635937 0.030650772890503712
10.687627102825278 2.5319166696092443 2.2018774175433835 0.05088380397731867
10.822679381759986 2.17697536316299 2.2443737418508967 0.015347407342472266
10.919820743781907 1.1760139590642613 2.2466060319959547 0.01774132010436705
10.90752220645813 1.7404472584257085 2.509978914951198 0.02966575190348873
10.943643657195798 1.235988199528841 2.162691665678374 0.13871492730246482
10.941832409312127 1.1767937573577703 2.1428366330543582 0.07113158989566004
10.752309982268471 2.284807012927045 2.277412909912232 0.022507006693868663
10.793303438679132 1.7041229854440603 2.1856469204116022 0.04011683367628826
10.81147915711726 1.5472089142429264 2.018431524519536 0.05091445585498081
10.648282516609378 2.551579799619243 2.1238337891287165 0.03400635669944801
10.914696649586505 1.005539613193092 2.226060890230089 0.10575060983417278
10.739645394258591 2.2519885236459407 2.2115920547715553 0.0313079007232275
10.838860281781171 1.3611727898474757 2.3509374412797923 0.12690028962674232
10.729945878721855 2.4374286257774798 2.2596971904656056 0.03349164468280031
10.817444071701573 1.6253004339260488 2.4095216315002115 0.039410133938011634
10.931568553151891 0.7271056299618999 1.8874040607545906 0.14328359670264562
10.7205480195527 2.1859755387773756 2.012544997282222 0.03033388313194619
10.683136069047585 2.659855573457773 2.4460452001895727 0.05649238200921585
10.886554216267193 1.466026372618452 2.438887573724435 0.10083862961086919
10.630760348024525 2.3600483207877416 1.9673034286535382 0.25784055991711785
10.72928407295824 2.1742074972712473 2.2792253652760173 0.059041932426434095
10.677819378634675 2.084475530688892 2.310246458111733 0.03621373515262549
10.703723741979351 2.001543590050671 2.1137435843000696 0.04108706370626332
10.868920872827779 1.263366150614608 2.137064689870855 0.051105530004624124
10.728105756900987 1.8491979317827916 2.228988760352986 0.048844621673324436
10.739589096027698 1.8365933574972628 2.2313171006189805 0.12610981841663688
10.889258948379883 2.008573482662436 2.261168021811919 0.11666796313042072
10.858911638937471 1.9434202886594978 2.3653553055645524 0.018521593767001326
10.83807046187306 1.5722853558822552 2.351137213921307 0.10196255732911019
10.729583258311834 2.1570708673459493 1.7934067457903957 0.1441732829519768
10.763363810145218 1.9992405244711373 2.27067421255584 0.043458754566946985
10.895362661491543 1.7427967954337709 2.3049652460645724 0.03445957395609431
10.944912330360898 1.608597833304081 2.2881278060524277 0.11071920303815411
10.695684568618002 2.2391942402895406 1.9816336184620573 0.031948999560971685
10.724610592780136 1.9654586194579495 2.0026255592965754 0.03311200272079552
11.065882876720064 0.7210762263489418 2.218304192000419 0.03209933084745798
10.779747271867118 1.6370598709551598 2.222436520216612 0.12461434345726462
10.649785743319717 2.3118541344901367 2.4241161786444296 0.09756967771700761
10.816964578675165 1.0928866747158223 2.0909869248072983 0.039597883893572064
10.993186655274773 0.6265903197489556 1.9209018923794283 0.06608342343794488
10.881135456734567 2.1049034815129 2.2856840800174636 0.01798532063966724
10.744664605830998 2.5744539004980806 2.2245293429564033 0.041850149007787975
10.700994265145175 2.542671642782239 1.7001778904532827 0.273091982340783
10.689432254893495 1.574872725478436 2.0024739004363155 0.06856718019569746
10.84840618291442 1.1680256979932575 2.0538795758987174 0.03764722038393186
10.85250455415709 1.6724266395252334 2.1940932991780446 0.12146413241353211
10.730381014039063 2.2537032984566268 2.339592054517666 0.1283917222663148
10.733848305867474 2.3659309720319444 2.164157628621298 0.018949259918781197
10.845487912740236 1.5857561802466127 2.1946634153838267 0.1125180666927619
10.803010619341444 1.7544172866831982 2.2660116063134 0.1345623127291537
10.73662602197518 2.4646979052177334 2.296707151879596 0.03396185859082547
10.840228986871313 1.5783330732098892 2.3360637437619562 0.013884079885227071
10.989655737809864 1.0276421492958943 2.081737716321542 0.037568120125455934
10.811975389201224 2.2462232173701837 2.345828954173197 0.04837241521943716
10.682823867771926 1.7915112370752944 2.1779947135681312 0.0626895997620783
11.147055834149455 0.5314303377657686 1.8472129364891896 0.1561735924815468
10.862318473603509 1.957977719500654 2.4715786295830076 0.1153770990681425
11.0563803299261 0.9192899176435106 2.1447288871950647 0.17116722636609946
11.284433911271265 0.38886944987577615 2.3039478506989575 0.13378023959203938
10.658387774231334 1.8648615894597977 2.28336146813675 0.03357016342055669
10.882416383772052 1.3080405014312837 2.0845771546447533 0.11606400655163951
10.78341029635626 2.1417639631093626 2.1863547497474944 0.04073116185166959
10.9034743571345 1.2182658557398016 2.0567155480393833 0.03557605230925311
11.104054457245708 0.5171000739505608 1.966732164450768 0.2633081860890558
10.8962944064107 1.601533801379431 2.243055667445368 0.11224363293933241
11.007229877469888 1.0010917177564624 2.3904408745141335 0.12557461189035324
11.173561957328124 0.41519214350413686 2.0653449258358463 0.12171367668113435
10.657097892827013 2.2200880762019377 2.2168944658607757 0.12320158239951534
10.880033665788932 0.9411606222845024 2.3063436925183503 0.024979208251334064
11.02113536890832 0.8850691076748902 2.1934665170599286 0.03438019059290221
10.968062530801873 1.0086349110827515 2.029780198419619 0.06376842019603181
11.02195159581798 1.1360076135238086 2.224873696701031 0.038641637873618635
10.767077497622834 1.9385886677220232 2.2299722791024075 0.045173358262301413
10.784790861567604 1.7984164032981516 1.8826892464228255 0.2759734474976093
10.697480137206675 2.317922329497714 2.2678794868490573 0.3662933857408383
10.860684719848113 1.3572655122719284 2.200051756218151 0.026955139926624253
11.054452133106142 0.9303000471384231 2.2921195742670366 0.029278150371882472
10.849446836233 1.636020328539226 2.351033212265082 0.14263882766226832
11.030586451061822 1.0939716940035296 2.290769340794392 0.13741443271376003
10.803624757464522 1.914511769459401 2.223176593212745 0.10866586651982413
10.755334035802262 1.9272641029447617 2.3215402863963983 0.020629639208524994
10.91972052482315 1.2657608199530685 2.255815865780832 0.12072309571415785
10.710540844399333 2.2844922615366454 2.436310227914091 0.039671459872041896
10.776811331924211 1.669343611680489 2.4384140085046653 0.02673640044642816
10.84135334624156 1.9109274015493134 2.366911879648205 0.044637751382067416
10.716707712058502 1.7499965633274226 2.0509037027418047 0.3449801086789427
10.795110048107102 1.4778424805713881 2.1851628767758213 0.04156741971223637
10.658193566581875 2.2004442881559805 2.2782769851737643 0.03288373992554498
10.692809014890711 1.7900556611622793 2.110353730995148 0.13465106053130335
10.920562026155077 1.03278846112878 1.980553523709075 0.02983101820039999
10.85330527106257 1.38937886845801 2.0468105271932022 0.04226448325096104
10.930551090872438 1.2659472857305603 2.2498924379775596 0.02295576689046073
10.876723627251447 1.2567233935641733 2.306880172698003 0.02590736124953461
10.787632894038742 1.8668764824609572 2.2964084924876094 0.13590632923975315
10.818226878264063 1.436163831596719 2.2274705216124784 0.018627036483042342
10.801098434172518 1.6797549427293963 2.1044167484510052 0.3270026701379326
10.748097205264829 1.5896941154981017 2.1923472063682485 0.05827054545746161
10.943307289703762 1.226400916856479 2.061480728394638 0.028951317639654216
