10.942353967362758 1.0208653522158853 1.8624191790182545 0.0716113775519832
10.87137109001194 1.4180412531066746 2.2239827403959294 0.034927865654081354
10.854602241725658 1.2517470113718938 2.125938428245389 0.0440053631030077
10.762748479608895 1.902270278532698 2.3481101878733175 0.04109738715408698
10.898822482139044 0.9799343249503377 2.11802184113422 0.06876039528208971
10.89001888024191 1.3332614504811726 2.2034408199757998 0.036206464511903146
10.669271361332742 2.3187440339345344 1.9474935003073282 0.053593097226656505
10.860071127454365 1.2941070510660118 1.9195837667530662 0.04832202502322427
10.822457161685044 1.6807193309267343 2.305902901954494 0.02114250246469566
10.831470343178358 1.9256428501145562 2.4135611866274456 0.03748801611218725
11.001270712728854 1.1287405015650918 2.411620137510213 0.024951691811894466
10.880891494977316 1.6491803884396168 2.463082770713344 0.02168197876011882
10.653088416449647 2.522164030300043 2.2038649501584784 0.04179145851110195
10.75983403292276 2.132858455819978 2.3158783106343734 0.029247551727592774
10.906483280034406 1.00670467812211 2.23453899148415 0.0419430744081876
10.987691084186896 0.8851722510971435 1.9394945795333614 0.04801306721145329
10.849349210516387 0.9737212734899118 2.37654764462843 0.2686299492481977
10.760337665035967 2.163011471238074 2.491448089803353 0.049388619077980846
10.802126849349413 1.389703088152843 2.054645246446314 0.03691545655861668
10.687729674442798 2.0442593023933053 2.4245454888870217 0.03364692133623678
10.898502127439064 1.2149178239315215 2.224045633831783 0.058506734204326644
10.890905362195904 1.5649590951965384 2.2840601593286127 0.03357414528812037
10.863184987982686 1.1925620264088688 1.951987275406628 0.04833777262220127
10.86861259546197 1.38021895495275 2.164489220350947 0.2630474509320882
10.939731180811 1.1196503560348683 2.2251028037703606 0.04785231466029185
10.837692033355516 1.2862889496353747 1.8639211165840437 0.05909485697749169
10.790432901126904 1.5617975747037114 2.0853868793407173 0.04385979455450537
10.727837195512874 2.067872533451146 2.4439400466727776 0.03581762537134359
10.980832800350166 0.7939891916755732 2.158606459987 0.046346598397048556
11.04511529969383 1.1784059576796269 2.339359416723134 0.02119007961434503
10.764358103701676 1.9327734603534692 2.331980964268535 0.03288599271583684
11.030393079496843 0.8169910772255573 2.2355443083657502 0.05817687712094005
10.983703611636251 1.03449886344064 2.054887265538038 0.0390320687965859
10.739510817712548 2.000201404766435 2.3235828115518817 0.031846833499989576
10.682494902044558 1.7507863758822968 2.1494216323984023 0.05398457453342616
10.711823349716347 2.20874295760214 2.3040648322937245 0.03863407044526467
10.718764826087854 1.7555177251363394 1.8582326098822193 0.2529270654070657
10.96774584337364 1.055924487769892 2.2233856517010007 0.06814457035005494
10.741262248383043 1.6805691110152579 2.380044652809627 0.05546675940265808
10.771866860681452 2.1760533388039476 2.530091953559262 0.0575319034992372
11.063894794338772 0.7286095446051652 1.6257724215268479 0.29080137530739075
10.726489589604371 1.918107777077378 2.2673930362900143 0.021088860093709617
10.89363609846183 1.0291985847507636 2.244320920821137 0.03261047900122233
10.954521800122388 1.071082246533847 2.19586181839483 0.03671067787339507
10.786043339411103 1.614355395922519 2.411664832697241 0.053202762496726605
10.678231395986113 1.968036899111364 2.1385072739166726 0.050879141983360625
10.780893104671689 1.384439300854409 2.0173266893954405 0.046615947052334857
10.741132378669924 1.8419974503175254 2.1229205830893845 0.03213400020842482
10.904777350859217 1.545238283187269 2.1894239416416132 0.0719148242329117
10.769342960482991 1.3863201353806651 2.034156282776841 0.040663934168052245
10.926911747979071 1.43238180370219 2.4500473861705987 0.03530040847682542
10.874278501385138 1.5415666390186784 2.0236181955749175 0.029213032166823125
10.809935940822461 1.7240826868108916 2.3452323034031255 0.05532147778153732
10.928685850215096 1.3790188137539108 2.291922219849729 0.021018073631736845
10.841487965978514 1.257875844959067 2.252883230072007 0.03323108716380191
10.76228355977967 1.8090963841198875 2.193809863404574 0.03783086966850562
10.736530535023961 2.2536271411106417 2.3013103981635523 0.23462292711872787
10.74749438988398 1.7660608746004909 2.204497595072416 0.028627308397954472
10.866972324658004 1.1175097340595257 2.0150762597666882 0.0402160289412335
10.839380785582213 1.5396918662763475 2.19683091395296 0.03098663780506182
10.803094511944318 1.1491187581805458 1.9076763697161347 0.08512368801492598
10.729828734695785 2.2040760394724157 1.9442568504908286 0.27943133993305264
10.838483076931677 1.9774496708922529 2.3024757967394214 0.03729950121980126
11.02576262365813 1.270764888235138 2.5307307831685604 0.007777221725968529
10.857079712983014 1.5794278647878583 2.1140586735771962 0.02978318733649957
10.739597229122905 1.5928088256379993 2.159839672302607 0.047596411762318075
10.662671937233865 2.2002340679409373 2.257762948906742 0.03808911549751409
10.836591111811629 1.9873920491609698 2.3772536136147537 0.04429035800138297
10.85056991617059 1.5665767318142223 2.1790570669716645 0.04671589118896953
10.903380965152556 1.130266538641558 2.110822263541101 0.04938071478394377
10.794978544086353 1.7093169930818042 2.2275687894509026 0.05560770233854139
10.760933917759196 1.7102632932491617 2.2359743964279453 0.07206759740416216
10.66921285687324 2.3235348119261303 2.160991997230547 0.2579263675268499
11.024472647427116 0.7217430168274112 2.0697249637218325 0.08141570844213541
10.971847514325871 1.185338876106031 2.336650313490842 0.029819261379209844
10.768074425449827 2.019025262980395 2.2738738375183147 0.026676881023768275
10.718080967872393 1.4115125058686666 1.9365000136660306 0.0477963028988079
10.730269227189126 2.574032688478686 2.3899595982519157 0.01881971363790124
10.751443143483389 1.9243711503085896 2.3945045905339892 0.027472865757443673
10.785891177884583 1.6267730963558626 2.172034957626296 0.02773585460043157
10.927516582836303 0.7771747241159248 1.712026412123694 0.05492276629625934
10.813814034620247 1.3968968566798514 2.104579403268961 0.038792163129875525
10.718872754500541 1.9545596378345063 2.2077704179376947 0.04099498812682445
10.609752243632398 2.5006971399202205 2.2527793651313095 0.03814808922028889
10.832935523451077 1.6178855341613836 2.290468589505518 0.040545269166058356
10.771602159987346 2.235505804423456 2.1951667629109877 0.054908638610524876
11.09862291716421 0.8017061519913257 2.07200382714297 0.03812850990607702
11.003650332766586 0.9721288191716857 2.3516937735786754 0.03645399726519007
10.713651746891994 1.9998484477890275 1.8631362212299596 0.05541728242886565
10.911407566937694 1.5417304257286317 2.237194595025723 0.07071100671922524
10.678058372304102 1.9543601862114073 2.068164217254425 0.05912182914850187
10.73696200002621 1.7031595583720456 2.2929051574282604 0.03829847474237746
10.713799439924708 1.8759251994884207 1.4560054920194074 0.3277670639222969
10.924581405150004 1.2588981435507265 2.0683314885148008 0.08157337876037697
10.7890763027945 1.7090038375859198 2.2164381009603873 0.045223535837857716
10.971563864296483 1.5768474979693863 2.341358076341727 0.047047248867859534
10.790430989288954 2.1707081897714255 2.2898001316829006 0.036716902950091355
11.09650832248961 0.619673644347505 1.819767215832198 0.10296738853582031
10.71789970792913 2.2957154516183285 2.3253453740362175 0.0404356842492451
10.659929080348626 2.932696145061377 2.2602764737884273 0.019021107069597136
10.692358569419577 2.313632335569286 2.2534358377562067 0.07094086347217811
10.817951436646286 1.66154287558955 2.127912089177543 0.032667043343565905
10.97946605777351 1.2307977880201495 2.2552808332230185 0.04965016630694291
10.951470105942827 1.0549653428200643 2.3748255614202325 0.041404541072345494
10.80357776469028 1.803668936555267 2.302155387801089 0.02321317391335511
10.816915931346175 1.819352004593227 2.1921602108141127 0.038306137632796784
11.054710135158622 0.7524929554337723 2.132200953596115 0.04037629242292572
10.675803404046816 2.0605514683285535 2.423946495537182 0.04839414107245198
10.986452709731026 0.8358379665015209 1.8852192369732714 0.06788272790960571
11.10760765478833 0.625971856196355 2.050635408094274 0.03930738631541573
11.026709229929933 0.6860901470007911 1.9804987325042218 0.047437907690968596
10.670657725719394 2.2248215753483547 2.2121740533595933 0.03029248024814728
10.687627102825278 2.5319166696092443 2.3146743752033316 0.021259475197835855
10.822679381759986 2.17697536316299 2.2768813448141247 0.03202095655569385
10.919820743781907 1.1760139590642613 2.335799899088162 0.01302138946831846
10.90752220645813 1.7404472584257085 2.5304257646247343 0.027203619137731422
10.943643657195798 1.235988199528841 2.175606850320611 0.038391133114757454
10.941832409312127 1.1767937573577703 2.099617011775568 0.05770655582306594
10.752309982268471 2.284807012927045 2.2637711967926397 0.03405980915008118
10.793303438679132 1.7041229854440603 2.2215923534252693 0.03111289452746941
10.81147915711726 1.5472089142429264 2.018431524519536 0.05091445585498081
10.648282516609378 2.551579799619243 2.2111181633750205 0.029365336321174468
10.914696649586505 1.005539613193092 2.1506998736800353 0.02488019219997652
10.739645394258591 2.2519885236459407 2.213326285361726 0.03643871498915445
10.838860281781171 1.3611727898474757 2.418790463661291 0.0683670600238798
10.729945878721855 2.4374286257774798 2.273306927865699 0.04917570115400593
10.817444071701573 1.6253004339260488 2.41653462034464 0.04687026268859123
10.931568553151891 0.7271056299618999 1.9906605601444676 0.045068213367527685
10.7205480195527 2.1859755387773756 1.9772613792877067 0.0372286937538211
10.683136069047585 2.659855573457773 2.413571106380483 0.046130282126873326
10.886554216267193 1.466026372618452 2.4383403005960815 0.011963543026675173
10.630760348024525 2.3600483207877416 1.8598647974528204 0.25780598418843076
10.72928407295824 2.1742074972712473 2.271072032580889 0.04022533742407973
10.677819378634675 2.084475530688892 2.2867046742223285 0.022360001493633933
10.703723741979351 2.001543590050671 2.1137435843000696 0.04108706370626332
10.868920872827779 1.263366150614608 2.1054847669475785 0.043158459621787174
10.728105756900987 1.8491979317827916 2.2381715524192476 0.03246991293394952
10.739589096027698 1.8365933574972628 2.2815854633550763 0.03247891023351622
10.889258948379883 2.008573482662436 2.2684888369422564 0.03795326730907613
10.858911638937471 1.9434202886594978 2.2826141822000503 0.026264755564747753
10.83807046187306 1.5722853558822552 2.356437123118349 0.059316010351913466
10.729583258311834 2.1570708673459493 2.1012182431762203 0.03764819151212219
10.763363810145218 1.9992405244711373 2.255044066512109 0.03753918842152358
10.895362661491543 1.7427967954337709 2.2931790718046554 0.03638962126670624
10.944912330360898 1.608597833304081 2.2824021397592458 0.028224887619280093
10.695684568618002 2.2391942402895406 1.9661556763901376 0.040531999947108696
10.724610592780136 1.9654586194579495 1.9942226588020537 0.029473268299475313
11.065882876720064 0.7210762263489418 2.261688212125352 0.02848551538723038
10.779747271867118 1.6370598709551598 2.1905794306226336 0.0394994242906053
10.649785743319717 2.3118541344901367 2.4217222778151566 0.030320081460028195
10.816964578675165 1.0928866747158223 2.0135044458342506 0.03202415459931967
10.993186655274773 0.6265903197489556 2.077711534500902 0.050251070484881935
10.881135456734567 2.1049034815129 2.2776159031654593 0.029345130951745745
10.744664605830998 2.5744539004980806 2.2301116559268657 0.04371816621694445
10.700994265145175 2.542671642782239 1.7850075224544326 0.2652003778652054
10.689432254893495 1.574872725478436 1.9684017324367038 0.052577433823747376
10.84840618291442 1.1680256979932575 2.058846931493097 0.03432093168848891
10.85250455415709 1.6724266395252334 2.2203815263095783 0.033400722435952365
10.730381014039063 2.2537032984566268 2.2565245860325973 0.050589573338540875
10.733848305867474 2.3659309720319444 2.1032839204373825 0.02762830156358454
10.845487912740236 1.5857561802466127 2.2219637395767853 0.025757538905713005
10.803010619341444 1.7544172866831982 2.2690055771657436 0.03842590518004071
10.73662602197518 2.4646979052177334 2.27844940530675 0.027459835215357473
10.840228986871313 1.5783330732098892 2.312495146866763 0.01956646659452221
10.989655737809864 1.0276421492958943 2.1197395975585134 0.041676474581238875
10.811975389201224 2.2462232173701837 2.3590747368697578 0.046646563971505836
10.682823867771926 1.7915112370752944 2.062410902033764 0.04503545190436411
11.147055834149455 0.5314303377657686 1.870012633878826 0.061066339952208615
10.862318473603509 1.957977719500654 2.4739697694445137 0.023376650984974198
11.0563803299261 0.9192899176435106 2.0768735571258574 0.07773453616800065
11.284433911271265 0.38886944987577615 2.291999203162114 0.060319140628976566
10.658387774231334 1.8648615894597977 2.4555525746832605 0.030161837004311257
10.882416383772052 1.3080405014312837 2.1464381473956933 0.037158765202370825
10.78341029635626 2.1417639631093626 2.2410439841495156 0.045054608140341304
10.9034743571345 1.2182658557398016 2.0722732365661805 0.03738412782929956
11.104054457245708 0.5171000739505608 2.01760275399428 0.2579566623204461
10.8962944064107 1.601533801379431 2.2654730578667825 0.022882057112005333
11.007229877469888 1.0010917177564624 2.3736092199925665 0.08756791127665532
11.173561957328124 0.41519214350413686 2.0546985911640454 0.03755073251638271
10.657097892827013 2.2200880762019377 2.143558732893245 0.0485892212540101
10.880033665788932 0.9411606222845024 2.336902546666223 0.03786654813950715
11.02113536890832 0.8850691076748902 2.179044726173007 0.02399717021846189
10.968062530801873 1.0086349110827515 2.029780198419619 0.06376842019603181
11.02195159581798 1.1360076135238086 2.223308074144917 0.034679344537163564
10.767077497622834 1.9385886677220232 2.2441343172497543 0.05880107627289825
10.784790861567604 1.7984164032981516 2.543438515546616 0.23931835948397337
10.697480137206675 2.317922329497714 2.159922190281329 0.2891175001107717
10.860684719848113 1.3572655122719284 1.9171226763891853 0.0344645389053839
11.054452133106142 0.9303000471384231 2.343448188534246 0.014812349587048933
10.849446836233 1.636020328539226 2.324781053789391 0.04653646766459705
11.030586451061822 1.0939716940035296 2.294738746300989 0.041123562987150517
10.803624757464522 1.914511769459401 2.229929634329672 0.019030768983675728
10.755334035802262 1.9272641029447617 2.195331399876001 0.03414864096494147
10.91972052482315 1.2657608199530685 2.255056608789859 0.08516669681567929
10.710540844399333 2.2844922615366454 2.355620287874164 0.011532861719419864
10.776811331924211 1.669343611680489 2.444454035116251 0.012206796650978902
10.84135334624156 1.9109274015493134 2.4244704073760612 0.05602943622558342
10.716707712058502 1.7499965633274226 1.9691563105328904 0.2652489270048161
10.795110048107102 1.4778424805713881 2.1902461124354025 0.06941290329743313
10.658193566581875 2.2004442881559805 2.2383509545997406 0.030219815974329316
10.692809014890711 1.7900556611622793 2.066964932114606 0.06164135195906479
10.920562026155077 1.03278846112878 1.9755428305080276 0.03041562390690299
10.85330527106257 1.38937886845801 2.241983119788342 0.030314171066188993
10.930551090872438 1.2659472857305603 2.2610153565493305 0.021045303636872268
10.876723627251447 1.2567233935641733 2.253582262259278 0.0344748455547379
10.787632894038742 1.8668764824609572 2.2824142927668833 0.04015559614784879
10.818226878264063 1.436163831596719 2.196097171687135 0.018347743879632686
10.801098434172518 1.6797549427293963 1.9956943054460148 0.2615594175970912
10.748097205264829 1.5896941154981017 2.1408879429794783 0.029046968277776457
10.943307289703762 1.226400916856479 2.1187521609175795 0.032771464816928636
