10.909556029241175 1.1015830711280425 1.8624191789967788 0.0716113775564828
10.802773725291976 1.661646397543772 2.2239827403285037 0.03492786567125983
10.815577748324268 1.367714761094756 2.1259384281762705 0.044005363105643056
10.649334858712141 2.463154902262403 2.348110187916075 0.041097387140540106
10.879095879500072 1.02674645844172 2.1180218412614042 0.06876039526366313
10.82020145948564 1.5634412261057897 2.2034408200707163 0.03620646449231285
10.531478917042255 3.1799954024162855 1.947493500319877 0.05359309722458218
10.816241299991782 1.4319192026331402 1.9195837667421767 0.04832202502519094
10.715167357848458 2.1501651945983165 2.3059029020265727 0.021142502461530644
10.613841821876068 3.1694616035574037 2.413561186667742 0.037488016103398386
10.931966114728173 1.3255022053614278 2.4116201375641984 0.0249516918045816
10.710117365111817 2.437705205262396 2.4630827707066696 0.021681978756554292
10.46686762035411 3.8679330566007537 2.2038649500557916 0.04179145850981199
10.570542939881898 3.291639236339697 2.315878310593201 0.029247551722228638
10.88309335857569 1.0628067646798054 2.234538991367114 0.04194307442112571
10.959994838328416 0.9427063098475672 1.9394945795484158 0.048013067210449116
10.826722520168993 1.0289177661742315 2.3765476446568528 0.26862994926874123
10.403120521175818 4.891368707940665 2.4914480898084657 0.04938861907072771
10.724275869600788 1.663130125594999 2.0546452463039304 0.03691545657038009
10.505149978319906 3.1073599652627006 2.42454548885158 0.033646921335900096
10.840733234611807 1.384729999580195 2.2240456337789687 0.058506734202403037
10.505149978319906 3.7722535822839776 2.284060159368683 0.033574145283787944
10.800717078282386 1.3741020243271023 1.9519872753917575 0.048337772623782325
10.733999286538387 1.87466051820744 2.164489220391133 0.2630474509111615
10.861534410859038 1.3378877261343824 2.225102803693839 0.04785231467922053
10.800029359244133 1.4038052756929051 1.863921116567774 0.059094856977222124
10.638489256954637 2.21600011978379 2.085386879223177 0.04385979455654736
10.514547752660286 3.372811158427845 2.443940046611035 0.03581762537859026
10.944975908412047 0.8625180697535614 2.1586064599599593 0.04634659841135829
10.924795995797913 1.5489283223092662 2.339359416780527 0.021190079603809073
10.361727836017593 4.851894504332723 2.331980964309927 0.03288599271060675
11.004321373782643 0.8684324793747286 2.2355443084663538 0.05817687709956708
10.866287339084195 1.3528642025633528 2.0548872655318187 0.039032068800296506
10.54157924394658 3.1443244942878104 2.3235828115065558 0.03184683351007845
10.618048096712092 2.029830132514426 2.1494216323874085 0.053984574538103555
10.450249108319362 4.018809877957521 2.304064832330516 0.03863407044639638
10.634477270160732 2.1257453961492776 1.85823260987114 0.2529270654003934
10.921686475483602 1.1752439541238842 2.2233856517250445 0.06814457033722418
10.603144372620182 2.3064353878655512 2.3800446527645827 0.05546675941233712
10.484299839346786 4.199796416648278 2.5300919535447766 0.05753190350366927
11.03342375548695 0.7799810231421174 1.625772421540198 0.2908013752660853
10.47567118832443 3.4127363319909905 2.2673930363640813 0.021088860090692357
10.850646235183067 1.133004292555182 2.244320920717914 0.03261047901281196
10.880241775895481 1.2700395943424885 2.1958618184561454 0.03671067785835259
10.66651798055488 2.1242906553670626 2.411664832706892 0.05320276250006826
10.547774705387823 2.6569605601266484 2.138507274058827 0.050879141981372555
10.683047038238849 1.7296580502069283 2.017326689226038 0.04661594706292188
10.564666064252089 2.7567407042821768 2.12292058308819 0.03213400020928345
10.7160033436348 2.3798390059788237 2.1894239415811567 0.07191482423896309
10.713490543093943 1.5789681443176884 2.0341562827431674 0.04066393417704194
10.752048447819439 2.1364976041254384 2.4500473862094103 0.035300408477319654
10.741151598851784 2.088335817008195 2.02361819560396 0.029213032166642856
10.5910646070265 2.839106182571228 2.3452323034073093 0.055321477777281296
10.729974285699555 2.1670382166892668 2.291922219889551 0.021018073630586106
10.77451696572855 1.4668481374312643 2.252883230137355 0.03323108715525124
10.574031267727719 2.7789839339991316 2.1938098632673557 0.037830869685199026
10.584331224367531 3.200083224779273 2.3013103981232867 0.2346229271572114
10.597695185925513 2.4890678386119114 2.2044975951993098 0.028627308402128536
10.829303772831025 1.21580547112462 2.015076259760174 0.04021602893993115
10.69460519893357 2.1491510853212983 2.196830913923182 0.030986637801256225
10.757396028793025 1.2753204242565945 1.9076763697074666 0.08512368800638845
10.546542663478132 3.355307306675088 1.944256850497148 0.27943133994690295
10.56702636615906 3.6831892417925483 2.302475796719969 0.0372995012125356
10.521138083704036 3.9759559296674323 2.5307307831213763 0.007777221726611143
10.4345689040342 4.1346325764348295 2.114058673582223 0.029783187337293477
10.588831725594208 2.2494191798237173 2.159839672338513 0.04759641174404449
10.496929648073214 3.2220504409922257 2.257762948890756 0.0380891154884663
10.491361693834273 4.370176347821215 2.3772536135368356 0.044290358005945274
10.552668216112194 3.0893816493162616 2.179057066946684 0.04671589119047751
10.81690383937566 1.376783199008716 2.110822263556142 0.049380714775426104
10.703291378118662 2.106593638087213 2.227568789567623 0.055607702335500005
10.702430536445526 1.955696158909359 2.23597439636646 0.07206759741915607
10.549003262025789 3.066498867848618 2.1609919971741087 0.2579263675547715
11.008600171761918 0.7492358645585894 2.069724963569864 0.08141570846303921
10.765668554759014 1.8917825880032682 2.3366503134814014 0.029819261376740843
10.629409599102718 2.772460497534345 2.273873837555106 0.026676881025192122
10.65417654187796 1.6367352715488233 1.9365000136805122 0.04779630289813322
10.424881636631067 5.191006173706085 2.3899595983387276 0.018819713642753325
10.32633586092875 5.079510728418224 2.3945045906068065 0.027472865748424783
10.571708831808687 2.654190419536704 2.1720349575141813 0.027735854606390078
10.911157608739977 0.8044987999115584 1.7120264121544957 0.054922766295576964
10.771587480881255 1.5429003440667768 2.1045794034224987 0.038792163110783796
10.583198773968622 2.664251079021687 2.2077704178343875 0.04099498813712559
10.477121254719663 3.3868866695614415 2.2527793652343693 0.03814808921311048
10.73559889969818 2.019424791193073 2.290468589610114 0.04054526916364677
10.41664050733828 5.0409011733820455 2.1951667629720166 0.05490863861010942
11.060697840353612 0.8759840661519002 2.0720038271196133 0.03812850992250976
10.893761762057943 1.2477478151935757 2.3516937736702523 0.036453997265163525
10.396199347095736 4.132901558470094 1.8631362212333729 0.055417282428987066
10.436162647040756 4.548932034820007 2.2371945949709753 0.07071100673575745
10.459392487759231 3.2264678921213874 2.0681642173803656 0.059121829131045814
10.58206336291171 2.4325202956307845 2.292905157436577 0.03829847473331513
10.6232492903979 2.305481463101958 1.4560054919826289 0.3277670639061603
10.862131379313038 1.4553401440071 2.0683314885612507 0.08157337876659429
10.641474110504099 2.3990942923365792 2.2164381008620553 0.045223535846733026
10.517195897949975 4.434548830849678 2.3413580762833415 0.04704724886769344
10.507855871695831 4.153372727444355 2.2898001317264804 0.03671690294136264
11.08278537031645 0.6387643856557921 1.8197672158493603 0.10296738853789757
10.569373909615045 3.230287928671497 2.3253453740250642 0.04043568424711556
10.313867220369154 6.492165137073214 2.2602764737799363 0.019021107070348445
10.565847818673518 3.0914308369046046 2.253435837799176 0.07094086345497853
10.745074791582057 1.9680304388707879 2.127912089088167 0.03266704336192151
10.903089986991944 1.4654798089448546 2.255280833102697 0.04965016632331171
10.921166050637739 1.1297952519443413 2.374825561468724 0.04140454105960442
10.698970004336019 2.2926617455492835 2.302155387797892 0.023213173911654155
10.701567985055927 2.3739456444140195 2.1921602108959024 0.038306137619712174
11.037426497940624 0.7847761396184474 2.132200953636219 0.04037629243054478
10.611723308007342 2.388720144979388 2.4239464954572254 0.04839414108534068
10.970346876230094 0.8693622786031812 1.8852192369857954 0.06788272793015956
11.093421685162236 0.6478226156626 2.0506354081325333 0.03930738631502038
11.01703333929878 0.701426233341127 1.9804987325263832 0.04743790769378026
10.58092497567562 2.7352204074794604 2.2121740534053984 0.030292480255419946
10.563481085394411 3.36932819866698 2.3146743752137144 0.021259475200072396
10.547774705387823 4.08384678686133 2.2768813447829017 0.03202095656193868
10.879669205632053 1.2889004476208044 2.3357998991763256 0.013021389466587166
10.730782275666389 2.6069116248888227 2.530425764577362 0.027203619141499023
10.902546779313992 1.3586240290593377 2.175606850254006 0.038391133131915334
10.896526217489555 1.305954934085093 2.099617011616174 0.05770655583855542
10.546542663478132 3.6636995223621365 2.263771196693131 0.0340598091643198
10.719331286983726 2.021922948162536 2.221592353343152 0.031112894528136006
10.75815462196739 1.7505052594726205 2.018431524707955 0.050914455837010396
10.505149978319906 3.541576204950065 2.21111816331564 0.02936533632407757
10.852479993636857 1.1587231115252699 2.1506998735405305 0.024880192208332545
10.519827993775719 3.7256015731483827 2.2133262854900417 0.03643871498556127
10.70586371228392 1.8462737750486355 2.418790463615993 0.06836706002913948
10.48572142648158 4.271212030911656 2.273306927944921 0.049175701139423135
10.754348335711018 1.880584418364289 2.4165346204249527 0.04687026268265193
10.91960102378411 0.7472072475967881 1.9906605601619702 0.04506821336916967
10.598790506763114 2.887483306737133 1.9772613792840108 0.03722869375228734
10.423245873936807 4.833727951236697 2.4135711063064123 0.04613028212909521
10.60422605308447 2.786760941277114 2.4383403005925204 0.01196354302616011
10.53529412004277 2.9369728165442717 1.8598647974361446 0.2578059841846344
10.589949601325708 2.991515481650736 2.271072032491489 0.040225337423636716
10.494154594018443 3.1731186746384314 2.2867046742290054 0.022360001494351692
10.517195897949975 3.0751484452023066 2.1137435843589336 0.04108706370214335
10.81690383937566 1.4231172489753556 2.1054847670693655 0.04315845959689258
10.639486489268586 2.270672079099061 2.2381715524333368 0.032469912943408924
10.64738297011462 2.2688776488168587 2.281585463311368 0.03247891023650795
10.505149978319906 4.830655666521928 2.2684888368976996 0.037953267322613636
10.553883026643874 3.905520368137746 2.282614182230465 0.02626475555654042
10.51587384371168 3.283098397636169 2.356437123134464 0.059316010358219845
10.564666064252089 3.1471803748457465 2.101218243206809 0.037648191494767565
10.612783856719735 2.8277008779640553 2.2550440664557367 0.03753918843813227
10.701567985055927 2.719246829056059 2.29317907173645 0.036389621274521326
10.622214022966295 3.357662569420192 2.2824021396960568 0.028224887630436794
10.4983105537896 3.515083845088187 1.9661556763729076 0.04053199994853342
10.565847818673518 2.8318450414393324 1.9942226587877505 0.029473268301761158
11.03342375548695 0.7759605024042714 2.2616882121536497 0.02848551539041865
10.721810615212547 1.8703431956172998 2.1905794306082287 0.039499424293850637
10.276461804173245 5.444933799254251 2.4217222778678074 0.03032008145880311
10.788168371141168 1.166867745088194 2.013504445995889 0.03202415458596255
10.980911937776844 0.6442915991181373 2.077711534645228 0.050251070466731156
10.278753600952829 8.341522499257263 2.2776159030751413 0.02934513095950722
10.369215857410143 6.086449855446816 2.230111655823533 0.04371816621712543
10.39093510710338 5.171762529609664 1.7850075224715758 0.26520037788535766
10.59659709562646 1.9457284664471768 1.968401732422036 0.05257743381105262
10.822168079368018 1.2424862280210727 2.0588469315637266 0.03432093168442157
10.730782275666389 2.2114358675527477 2.220381526361964 0.03340072243659281
10.530199698203083 3.560829340209064 2.2565245860272083 0.05058957333453708
10.45178643552429 4.510939027140816 2.1032839202864917 0.027628301574857676
10.747411807886424 1.9885394876559082 2.2219637394793113 0.025757538911348677
10.693726948923647 2.250189420242212 2.269005577170066 0.03842590518590848
10.340444114840118 6.106785471402201 2.278449405332435 0.027459835216488777
10.752048447819439 1.9289960382571405 2.312495146876923 0.019566466594580775
10.94546858513182 1.1372330087050018 2.1197395974444797 0.04167647457999459
10.36735592102602 6.205751408407395 2.359074736802797 0.04664656397823787
10.556302500767288 2.4002508804940414 2.062410902055529 0.04503545189724465
11.136720567156408 0.5451473958118734 1.8700126339021124 0.06106633997406077
10.54282542695918 4.068444423431751 2.473969769473201 0.023376650988926613
11.012837224705173 1.0159816870354834 2.0768735571885726 0.07773453615167039
11.269512944217917 0.4015332969151971 2.291999203063127 0.0603191406480886
10.429752280002408 3.147664191042232 2.455552574691147 0.03016183700263761
10.79379038469082 1.6056227512555272 2.1464381473753424 0.03715876519021095
10.376576957056512 5.436825186001452 2.2410439842168817 0.045054608138504405
10.81888541459401 1.475939873899387 2.0722732367293686 0.03738412783216487
11.089905111439398 0.5330622129495285 2.0176027539448977 0.2579566623616673
10.762678563727436 2.1748309068969887 2.2654730579099813 0.02288205711063751
10.96473092105363 1.1020238621132674 2.37360921990956 0.08756791128793344
11.161368002234974 0.42822705017443513 2.054698591039553 0.03755073252623174
10.556302500767288 2.798282433540792 2.1435587329540544 0.04858922126054822
10.842609239610562 1.023153208458732 2.3369025466337323 0.037866548141134486
10.994756944587628 0.940508859241862 2.179044726168917 0.023997170217432924
10.919078092376074 1.130008527379165 2.029780198484858 0.06376842018281949
10.935003151453655 1.3868695228109778 2.2233080740715176 0.03467934453027507
10.33645973384853 5.1825809253008 2.2441343171381076 0.05880107628341113
10.576341350205793 2.902453379342594 2.543438515602898 0.23931835940167856
10.539076098792776 3.338194212625402 2.1599221903120953 0.28911750008078285
10.81888541459401 1.4957069257819682 1.9171226763846594 0.03446453890420117
11.008600171761918 1.0344563357257797 2.343448188625912 0.01481234958334484
10.685741738602264 2.381474634161627 2.324781053750678 0.04653646766990295
10.952308009662126 1.3084641151293344 2.294738746404811 0.04112356298432239
10.544068044350276 3.4613237392221325 2.229929634248909 0.019030768987515028
10.526339277389845 3.2566217976552325 2.195331399831357 0.034148640967791355
10.825426117767822 1.57070747390646 2.2550566087804618 0.08516669681802659
10.290034611362518 5.989957357738513 2.3556202878446144 0.01153286171965339
10.65991620006985 2.185333372605991 2.4444540351029502 0.012206796651603746
10.232996110392154 7.668614291554621 2.4244704074142764 0.05602943621275884
10.673020907128896 1.9359959731283758 1.9691563105096517 0.2652489270365717
10.745855195173728 1.6526722228675266 2.190246112430347 0.06941290329974749
10.58092497567562 2.6326496421989805 2.2383509546817395 0.030219815975104855
10.632457292184725 2.0546829057467355 2.066964932213848 0.061641351940164894
10.845718017966659 1.226459564309531 1.9755428305024374 0.03041562390554195
10.749736315569061 1.7615890151017626 2.2419831196869002 0.03031417106608474
10.837588438235512 1.565198073291662 2.2610153565547995 0.02104530363565006
10.807535028068854 1.4744414369446326 2.2535822621702297 0.03447484556080696
10.693726948923647 2.3117180372019597 2.282414292785814 0.04015559614775162
10.656098202012831 2.080020397619383 2.196097171641959 0.01834774388145911
10.723455672035186 2.011020391746772 1.9956943054673428 0.26155941758361734
10.630427875025024 2.08464471044285 2.1408879429529346 0.029046968280112936
10.8926510338773 1.3788172527844602 2.1187521608517024 0.032771464821645606
