7.74 0.06 1.2787536009528289 0.05028672948353442
8.68 0.05 1.5622928644564746 0.026176653703757644
8.56 0.26 1.6665179805548809 0.0664545435670924
8.59 0.06 1.4183012913197455 0.016576125263482892
9.32 0.26 1.6414741105040995 0.04263621625990829
8.81 0.06 1.7185016888672742 0.024911729363475247
9.10 0.26 1.7403626894942439 0.025268042583461922
10.48 0.24 2.246252312299322 0.009114518338298535
9.55 0.27 2.0265332645232967 0.01838499688207557
8.33 0.10 1.6972293427597176 0.08284734092531912
11.27 0.16 2.503109436671369 0.01499918147860524
9.08 0.18 1.885926339801431 0.05195720719778824
9.93 0.11 2.0484418035504044 0.09944489031058361
9.72 0.10 2.0464951643347082 0.13696079348431392
9.87 0.19 1.8808135922807914 0.02285760431069746
9.41 0.10 1.9020028913507294 0.1355129398419921
9.90 0.10 1.9978230807457256 0.04015587169356699
9.52 0.22 1.8959747323590646 0.07670512450387801
9.23 0.19 1.824125833916549 0.06185603565338669
9.28 0.06 1.6989700043360187 0.016503190312323567
11.03 0.13 2.3909351071033793 0.011122175756058887
8.29 0.26 1.5276299008713388 0.034795106858717506
9.45 0.09 2.0257153839013404 0.047072446200635214
9.64 0.08 1.9148718175400503 0.013208469644259481
9.63 0.27 1.8954225460394079 0.030942100491834733
9.78 0.08 2.0203612826477078 0.03729628184283651
10.86 0.22 2.244277120801843 0.0781977528669103
9.43 0.08 1.9025467793139914 0.0880547009616105
11.27 0.13 2.3544926005894364 0.01324770966017877
10.88 0.11 2.351989455435632 0.006179379022189443
10.05 0.26 1.9556877503135057 0.02452825977526671
10.68 0.23 2.2425414282983844 0.013664872142264785
9.97 0.08 2.0718820073061255 0.022818862608475942
10.62 0.11 2.3224260524059526 0.012402507812563116
11.03 0.13 2.50745106090197 0.02483997036686302
10.65 0.28 2.303196057420489 0.010371211508137357
9.00 0.06 1.5797835966168101 0.15428882909720787
11.30 0.12 2.439332693830263 0.03916546600436598
11.03 0.15 2.3289908554494287 0.013845299938781584
8.86 0.06 1.7007037171450194 0.032874881100246146
10.53 0.11 2.1920095926536702 0.00893150605456559
10.68 0.28 2.3386556655787003 0.030864578035306754
10.64 0.15 2.1781132523146316 0.01815564191101849
8.41 0.06 1.3424226808222062 0.045403514017158135
10.22 0.14 2.04493154614916 0.028195854550977572
10.58 0.16 2.2329961103921536 0.01269866906149859
10.57 0.15 2.2778383330020473 0.019699011309957624
10.13 0.15 2.1357685145678222 0.01143716265436508
10.37 0.15 2.2011238972073794 0.021045107052580486
10.87 0.16 2.348499570283838 0.012458470121832415
9.94 0.15 2.1212314551496214 0.020039306653629622
11.13 0.13 2.433929765608464 0.013751592578674393
10.64 0.16 2.290034611362518 0.006681453567742335
8.51 0.07 1.606381365110605 0.07094909852874906
10.10 0.15 2.1085650237328344 0.016573543312507273
10.81 0.15 2.2405492482826 0.016473238968744034
10.53 0.15 2.2833012287035497 0.00995258187694952
10.38 0.16 2.2704459080179626 0.03821045870822601
10.80 0.15 2.301897717195208 0.016036822186048218
10.00 0.14 2.0576661039098294 0.023197866371364586
10.66 0.16 2.2805783703680764 0.012746588567391037
10.24 0.27 2.0530784434834195 0.01806357579597596
10.96 0.13 2.422753941301348 0.036915851314027824
10.85 0.27 2.3510228525841237 0.01586994096081401
10.96 0.10 2.3138672203691533 0.032045029732667124
11.27 0.24 2.3823773034681137 0.01260390287447248
9.57 0.27 1.8898617212581883 0.024624944850184384
11.06 0.10 2.362293937964231 0.003771554336980041
11.08 0.24 2.461198288622493 0.013064875492940145
10.38 0.27 2.173186268412274 0.014573640332323886
11.35 0.13 2.4111144185509046 0.03286279548744048
9.94 0.09 2.074816440645175 0.008408058151325582
11.18 0.19 2.4483971034577676 0.03387125766980489
10.61 0.28 2.249931756634195 0.019540809084510766
11.15 0.13 2.40840957846843 0.009326902188472803
9.67 0.09 2.0569048513364727 0.07009665321947221
10.59 0.11 2.3609718837259357 0.012294922179316797
10.20 0.14 2.1017470739463664 0.04913299913937105
9.45 0.26 1.884795363948981 0.03850329174631176
9.80 0.22 1.9763499790032735 0.08071365239173423
9.41 0.26 1.7067177823367587 0.02815661670492595
8.88 0.27 1.6766936096248666 0.025600516827981156
8.75 0.06 1.7427251313046983 0.03141370574345402
9.18 0.26 1.9211660506377388 0.027078313020346634
11.43 0.16 2.5616975326539935 0.0527825666620413
11.41 0.12 2.456214155357989 0.02126660631915189
10.97 0.15 2.3161800988934527 0.03355244669460178
11.15 0.28 2.502700175310563 0.025795618189728028
10.84 0.20 2.3402457615679317 0.016863878922693653
10.73 0.24 2.2884728005997825 0.039786113113113135
10.09 0.23 1.9849771264154934 0.03192019483968
9.33 0.26 1.884795363948981 0.02264899514488927
9.28 0.27 1.9614210940664483 0.029902243016289468
7.69 0.09 1.2966651902615312 0.030707690639623864
9.35 0.26 1.8469553250198238 0.025946469758089015
9.79 0.18 1.8926510338773004 0.1801682613785577
11.03 0.23 2.390758528738717 0.040444667082490705
9.24 0.22 1.7596678446896306 0.05513651683293458
9.01 0.26 1.8401060944567578 0.03577281137064357
9.50 0.18 1.8937617620579434 0.07155043188444378
8.41 0.26 1.7411515988517852 0.04413882211720889
9.22 0.26 1.792391689498254 0.11767979509636502
9.77 0.27 2.0644579892269186 0.0074878358948836515
9.31 0.14 1.9319661147281726 0.02539733812299718
9.37 0.26 1.8698182079793282 0.02813243607470457
10.96 0.12 2.252124552505644 0.10620407867471798
9.25 0.13 1.9294189257142926 0.015328040537761827
10.64 0.24 2.342422680822206 0.01658215294539689
10.75 0.24 2.367355921026019 0.011556333853219575
9.35 0.13 1.7853298350107671 0.03417399201861653
9.79 0.14 2.0285712526925375 0.019112210345929623
9.40 0.14 1.8802417758954804 0.02345991272468158
9.94 0.13 2.0132586652835167 0.06444913261997821
9.82 0.13 2.029789470831856 0.019058674742719734
9.53 0.14 1.866287339084195 0.03604348761373927
9.88 0.26 1.75815462196739 0.015158620659799364
9.29 0.08 1.857935264719429 0.019275205854235866
9.43 0.26 1.8704039052790271 0.13520488587554064
9.20 0.27 1.951823035315912 0.01989505447824952
9.55 0.06 1.8779469516291882 0.02876122396710277
8.45 0.06 1.481442628502305 0.04729939901916603
7.91 0.06 1.209515014542631 0.08578656432656827
8.73 0.26 1.7543483357110188 0.02293808883291823
8.98 0.27 1.7824726241662863 0.05374931706723413
8.34 0.06 1.4756711883244296 0.07117200539551619
9.17 0.06 1.904715545278681 0.011357639003696497
9.17 0.11 1.8825245379548805 0.028459664607028295
8.72 0.26 1.6937269489236468 0.018461911174024875
10.48 0.24 2.2555137128195333 0.03978822293949836
10.78 0.11 2.1451964061141817 0.02735713271831508
11.27 0.19 2.458939861890326 0.03788943863667577
8.77 0.26 1.5250448070368452 0.15038256686799165
9.39 0.27 1.8567288903828827 0.07429516171641165
11.31 0.16 2.460747541844197 0.009921576948983945
9.98 0.23 1.9068735347220704 0.13615427995232057
9.49 0.26 1.7810369386211318 0.07621724351282233
10.88 0.28 2.45178643552429 0.0643001370733083
11.07 0.11 2.395501124305626 0.02602971753965588
9.47 0.26 1.8475726591421122 0.02776030068983854
9.76 0.27 1.8750612633917 0.05964310884804658
8.62 0.06 1.717670503002262 0.03078332534563279
7.98 0.06 1.3636119798921444 0.058281943458877945
