8.43 0.27 2.0310042813635367 0.08249168930005898
7.74 0.06 1.9014583213961123 0.09154513545764906
8.68 0.05 2.0881360887005513 0.058496807766560445
8.56 0.26 1.9813655090785445 0.042160111500002526
8.59 0.06 1.9885589568786155 0.037454554907467304
9.32 0.26 2.0989896394011773 0.052903706792354725
9.10 0.26 2.185258765296585 0.02522990136383121
10.48 0.24 2.5809249756756194 0.020745825644722264
9.55 0.27 2.355643050220869 0.025659374151250323
11.27 0.16 2.8389120274059985 0.005726821888595263
9.08 0.18 2.1522883443830563 0.06575585465436558
9.93 0.11 2.424881636631067 0.09404271487829813
9.72 0.10 2.454387467146955 0.09350984102799205
9.87 0.19 2.494432898726399 0.022535459983448684
9.41 0.10 2.220108088040055 0.13787541684518898
9.90 0.10 2.3930484664167784 0.04515116579657594
9.52 0.22 2.298197867109815 0.039997931649871706
9.23 0.19 2.2137832993353044 0.06795806073791716
11.03 0.13 2.74350976472843 0.0023517751727612913
9.45 0.09 2.3807537708039 0.029278279678870905
9.64 0.08 2.269045709657623 0.030854075140597
9.63 0.27 2.3324384599156054 0.02019974334433729
10.86 0.22 2.602494068807281 0.03926438622601827
9.43 0.08 2.3647385550553985 0.09150937269809449
11.27 0.13 2.688775655272845 0.01431642333874356
10.05 0.26 2.3560258571931225 0.022193021982721235
10.68 0.23 2.5634810853944106 0.021002765928108076
10.62 0.11 2.647089428716555 0.015269312413096073
11.03 0.13 2.794139355767774 0.02065078982222691
10.65 0.28 2.617943434828973 0.013188986435239752
9.00 0.06 2.2631624649622166 0.04098905912125617
11.30 0.12 2.775173385424787 0.03724189968997511
11.03 0.15 2.667639706056411 0.014003476415625058
8.86 0.06 2.116939646550756 0.045121504613324856
10.53 0.11 2.508664363052943 0.012789205139742379
10.68 0.28 2.6735737964230517 0.01399761688916333
10.64 0.15 2.5369370227046737 0.017911651591711226
8.41 0.06 1.9566485792052033 0.039830322649690504
10.22 0.14 2.405346360175709 0.01468711185359011
10.58 0.16 2.564547711755948 0.02142472096606394
10.57 0.15 2.584670384464349 0.015934301834077153
10.13 0.15 2.463594402187 0.026284672907487042
10.37 0.15 2.5082603055123345 0.025197973352748395
10.87 0.16 2.6742179455767 0.01701132313192919
9.94 0.15 2.4442009888641594 0.012649353841842284
11.13 0.13 2.7562556487542333 0.011875537103752372
10.09 0.14 2.41077723337721 0.0312017394765443
10.64 0.16 2.6010817277840235 0.017410953922455594
10.71 0.16 2.513217600067939 0.02251403909253054
8.51 0.07 1.9712758487381052 0.05985468821102509
10.10 0.15 2.4560622244549513 0.01230855599515864
10.81 0.15 2.560026248912892 0.016625429078642798
10.53 0.15 2.6082050077043264 0.009741384730883882
10.38 0.16 2.5931752634781025 0.019282276052861907
10.80 0.15 2.6051972673883776 0.015414274239802683
10.00 0.14 2.3825573219087857 0.026997170445705664
10.66 0.16 2.597695185925512 0.02083736150545905
10.24 0.27 2.419790586106363 0.015197828959718208
10.85 0.27 2.6915235221681546 0.016258430248260087
10.96 0.10 2.6776981814745104 0.031835491322040506
11.27 0.24 2.7050936105478733 0.011561773823099782
9.57 0.27 2.285557309007774 0.021827235618971718
11.06 0.10 2.6824158616773586 0.007218690744288415
11.08 0.24 2.8028421127390746 0.016206548923172834
10.38 0.27 2.5496162395190853 0.01310846532119829
11.35 0.13 2.792811771248147 0.02379312340430319
9.94 0.09 2.237292337567459 0.12573667686834158
11.18 0.19 2.742332282357148 0.03537240124098883
11.15 0.13 2.7259932589247224 0.007672182164800915
9.67 0.09 2.383815365980431 0.06783608023116908
10.59 0.11 2.66838591669 0.007455699260141661
10.20 0.14 2.424718337331567 0.05504221150861071
9.45 0.26 2.2678754193188975 0.050155973625092214
9.80 0.22 2.378942698613437 0.08330178319832535
8.88 0.27 2.126780577012009 0.04735399130535829
8.75 0.06 2.0863598306747484 0.028478326682180446
9.18 0.26 2.2835273648616936 0.03775490810923636
11.43 0.16 2.9262395210458623 0.05306442413394792
11.41 0.12 2.8090207204836726 0.01570795005952463
10.97 0.15 2.620864475265121 0.03451897725446005
11.15 0.28 2.7933712489189557 0.026068851263262457
10.84 0.20 2.6734816970733473 0.014829567674745183
9.33 0.26 2.2671717284030137 0.042255679320316396
9.28 0.27 2.3197304943302246 0.03099132078715733
9.35 0.26 2.1947917577219247 0.029396689068802488
9.79 0.18 2.228400358703005 0.09702323531881156
11.03 0.23 2.721563318357481 0.04122787942882587
9.12 0.27 2.1119342763326814 0.031212818251161064
9.24 0.22 2.1942367487238292 0.06358915368020758
9.01 0.26 2.2704459080179626 0.028191862827410655
9.50 0.18 1.954724790979063 0.08772652131675009
8.41 0.26 2.0877814178095426 0.05854459927617364
9.22 0.26 2.1610683854711747 0.11479281336711208
9.77 0.27 2.401400540781544 0.0344678160240676
9.31 0.14 2.2678754193188975 0.0192186440993344
9.37 0.26 2.2397998184470986 0.03725381566124613
9.25 0.13 2.265996370495079 0.03413154464822304
10.64 0.24 2.677789391068861 0.02061120388705059
9.35 0.13 2.1997551772534747 0.022756592170435543
9.79 0.14 2.3624824747511743 0.01828409928151711
9.40 0.14 2.2216749970707688 0.021897200768231182
9.82 0.13 2.3823773034681137 0.029529143877335524
9.53 0.14 2.179838928023187 0.02325039856851513
9.88 0.26 2.1789769472931693 0.023008979173682213
9.29 0.08 2.2041199826559246 0.029857745630848562
9.48 0.27 2.232742062720737 0.02947815090741791
9.20 0.27 2.3585059114902354 0.07780396105932105
9.55 0.06 2.22219604630172 0.03020273375346355
7.91 0.06 1.6180480967120927 0.08476591092569492
8.73 0.26 2.074084689028244 0.02966092161396576
9.17 0.06 2.2648178230095364 0.0023602960973002816
9.17 0.11 2.2022157758011316 0.019356502332159995
8.72 0.26 2.12057393120585 0.003290109711388271
10.78 0.11 2.518382315545344 0.028566808903608864
11.27 0.19 2.73814608871206 0.03746107373142084
9.39 0.27 2.2208922492195193 0.0705108298940938
11.31 0.16 2.802089257881733 0.010275106038720467
9.98 0.23 2.255272505103306 0.13270109169266028
9.49 0.26 2.1958996524092336 0.07883689639645015
10.88 0.28 2.793301353613115 0.06430885616465341
11.07 0.11 2.6823256186678073 0.012815838825906431
9.47 0.26 2.1961761850399735 0.031238240900743126
9.76 0.27 2.2875778090787056 0.06137013307967559
8.62 0.06 2.041787318971752 0.057590367264191436
7.98 0.06 1.749736315569061 0.06182127856274046
