7.73 0.10 1.3031960574204888 0.036731374091319796
8.43 0.27 1.5705429398818975 0.07121495536585579
7.74 0.06 1.3979400086720377 0.04516662611793819
8.68 0.05 1.7671558660821804 0.03266488410896253
8.56 0.26 1.6711728427150832 0.08334009247610376
8.59 0.06 1.6830470382388496 0.012614362544907727
9.32 0.26 1.8293037728310249 0.03474355855226014
8.81 0.06 1.7403626894942439 0.030795426898594217
9.10 0.26 1.7937903846908188 0.02443779239005436
10.48 0.24 2.250420002308894 0.008783483903661272
9.55 0.27 2.0492180226701815 0.019388146513538027
8.33 0.10 1.8000293592441343 0.0736442306872392
11.27 0.16 2.506505032404872 0.010958832720923175
9.08 0.18 1.919601023784111 0.053829520620980675
9.93 0.11 2.0791812460476247 0.10024964290600062
9.72 0.10 2.0718820073061255 0.10526120493587289
9.87 0.19 2.1583624920952498 0.015381262900740166
9.41 0.10 1.9258275746247424 0.1349764581953167
9.90 0.10 1.9986951583116557 0.041817723433011204
9.52 0.22 1.9390197764486665 0.033983918031554795
9.23 0.19 1.8444771757456815 0.060888210624490235
9.28 0.06 1.8293037728310249 0.06176632631512914
11.03 0.13 2.3979400086720375 0.00972819639463284
8.29 0.26 1.5390760987927767 0.03389003182482023
9.45 0.09 2.041392685158225 0.0157925266146637
9.64 0.08 1.941511432634403 0.013416419921496336
9.63 0.27 1.9599948383284163 0.065239412303449
9.78 0.08 2.03342375548695 0.03176783710218231
10.86 0.22 2.287801729930226 0.08036686546560173
9.43 0.08 1.9867717342662448 0.08775434892065706
11.27 0.13 2.376576957056512 0.011313553730252779
10.88 0.11 2.369215857410143 0.02227151189247445
10.05 0.26 2.060697840353612 0.017371779276130067
10.68 0.23 2.24551266781415 0.021221207638454347
9.97 0.08 2.1335389083702174 0.016924711427112018
10.62 0.11 2.326335860928751 0.012291353261412787
11.03 0.13 2.509202522331103 0.022185321830971067
10.65 0.28 2.3344537511509307 0.011862673348283267
9.00 0.06 1.9370161074648142 0.03815766546201981
11.30 0.12 2.4409090820652177 0.03839414984941791
9.28 0.11 1.9479236198317265 0.047493308618506674
11.03 0.15 2.330413773349191 0.013800011574495851
8.86 0.06 1.8280150642239767 0.02387651683569141
10.53 0.11 2.1958996524092336 0.008851862051531248
10.68 0.28 2.342422680822206 0.019345845102963034
10.64 0.15 2.2278867046136734 0.029552583088091097
8.41 0.06 1.7126497016272113 0.029457959043825217
10.22 0.14 2.100370545117563 0.016199873531311772
10.58 0.16 2.2329961103921536 0.01269866906149859
10.57 0.15 2.287801729930226 0.019476092745145824
10.13 0.15 2.1398790864012365 0.01605001346164191
10.37 0.15 2.2278867046136734 0.06630057771067394
10.87 0.16 2.3502480183341627 0.011632887908122815
9.94 0.15 2.1271047983648077 0.019770121937386833
11.13 0.13 2.4345689040341987 0.013731369648411637
10.09 0.14 2.110589710299249 0.017169781842686697
10.64 0.16 2.296665190261531 0.021934064742588473
10.71 0.16 2.2068258760318495 0.02427733128651718
8.51 0.07 1.6222140229662954 0.06944565701078251
10.10 0.15 2.1335389083702174 0.02363072916238282
10.81 0.15 2.2600713879850747 0.015749140552535502
10.53 0.15 2.290034611362518 0.014253767611183648
10.38 0.16 2.290034611362518 0.022939657249248686
10.80 0.15 2.303196057420489 0.015340750355786506
10.00 0.14 2.060697840353612 0.023036489909650744
10.66 0.16 2.2810333672477277 0.014552275833407392
10.24 0.27 2.093421685162235 0.015410449357857322
10.96 0.13 2.423245873936808 0.036874059784238356
10.85 0.27 2.3521825181113627 0.01582762111825184
10.96 0.10 2.3138672203691533 0.03183420716863642
11.27 0.24 2.383815365980431 0.012562237079846127
9.57 0.27 1.965201701025912 0.014115746974103524
11.06 0.10 2.3710678622717363 0.0073922465004808815
11.08 0.24 2.484299839346786 0.01680221274248646
10.38 0.27 2.220108088040055 0.01857524591272944
11.35 0.13 2.41161970596323 0.0328245829345481
9.94 0.09 2.0827853703164503 0.008255184366756025
11.18 0.19 2.4638929889859074 0.034624164880259246
7.86 0.09 1.7810369386211318 0.08844076369884102
10.61 0.28 2.2576785748691846 0.0215947532438081
11.15 0.13 2.4099331233312946 0.009294239885089046
9.67 0.09 2.0644579892269186 0.06926248202767378
10.59 0.11 2.423245873936808 0.024582706522825574
10.20 0.14 2.1271047983648077 0.04958735502328173
9.45 0.26 1.9232440186302764 0.03835058670744706
9.80 0.22 2.03342375548695 0.08042490405615774
9.41 0.26 1.8692317197309762 0.02230160853016698
8.88 0.27 1.8048206787211623 0.022463507684650955
8.75 0.06 1.7551122663950711 0.030530367796362166
9.18 0.26 1.954242509439325 0.029918064308890678
11.43 0.16 2.583198773968623 0.05238748058467424
11.41 0.12 2.484299839346786 0.02050439521116992
10.97 0.15 2.3384564936046046 0.03526152444810805
11.15 0.28 2.503790683057181 0.025730926984236544
10.84 0.20 2.374748346010104 0.02235608725409144
10.73 0.24 2.4183012913197452 0.12481822323402617
10.09 0.23 2.1172712956557644 0.016576125263482892
9.33 0.26 1.9675479762188621 0.04118309742186009
9.28 0.27 1.967079734144497 0.02998365355103357
7.69 0.09 1.3856062735983121 0.04289328216328413
9.35 0.26 1.8709888137605752 0.02454962078053375
9.79 0.18 2.0 0.09728196394632839
11.03 0.23 2.3944516808262164 0.04115290453518716
9.12 0.27 1.7881683711411678 0.023341560102292033
9.24 0.22 1.8733206018153987 0.05639433031407686
9.01 0.26 1.9169800473203822 0.0320725949105307
9.50 0.18 1.8970770032094204 0.0710063221362731
8.41 0.26 1.7466341989375787 0.04436341481807411
9.22 0.26 1.8363241157067516 0.11712023200014808
8.71 0.26 1.6483600109809315 0.05270090342196764
9.77 0.27 2.0644579892269186 0.008611011279116199
9.31 0.14 1.9425041061680808 0.024788497825528073
9.37 0.26 1.9289076902439528 0.03376140848717858
10.96 0.12 2.311753861055754 0.10973880079311435
9.25 0.13 1.932980821923198 0.017229886096511736
10.64 0.24 2.359835482339888 0.01156854296772854
10.75 0.24 2.4409090820652177 0.022186783314622645
9.35 0.13 1.8715729355458788 0.03560747768292789
9.79 0.14 2.0453229787866576 0.02543165885019042
9.40 0.14 1.909020854211156 0.028381760223023852
9.94 0.13 2.037426497940624 0.06414808402424178
9.82 0.13 2.0530784434834195 0.01806357579597596
9.53 0.14 1.8981764834976764 0.04008027456249985
9.88 0.26 1.8169038393756602 0.013902719695073609
9.29 0.08 1.8819549713396004 0.018238088478876716
8.07 0.08 1.6434526764861874 0.039481316536659254
9.43 0.26 1.8813846567705728 0.13525334061901534
9.48 0.27 1.9324737646771533 0.028919141902436163
9.20 0.27 2.0253058652647704 0.02581184184896685
9.55 0.06 1.9232440186302764 0.030576819131613194
8.45 0.06 1.506505032404872 0.04600003858165284
7.91 0.06 1.250420002308894 0.07807541247698908
8.73 0.26 1.806179973983887 0.020357553839214927
8.98 0.27 1.7831886910752577 0.05366076794521233
8.34 0.06 1.5198279937757189 0.06691546397905088
9.17 0.06 1.9258275746247424 0.010303546427123412
9.17 0.11 1.9036325160842376 0.0276517085856003
8.72 0.26 1.761927838420529 0.016530239795625505
10.48 0.24 2.305351369446624 0.02300470770477621
8.83 0.07 1.6812412373755872 0.028048185289585015
10.78 0.11 2.2041199826559246 0.026600537016574173
11.27 0.19 2.4608978427565478 0.03922175078780233
8.77 0.26 1.5352941200427705 0.14940743109208082
9.39 0.27 1.8645110810583918 0.07356901059563281
11.31 0.16 2.4638929889859074 0.014924209000111746
9.98 0.23 1.9294189257142926 0.1374414301552644
9.49 0.26 1.9268567089496924 0.07606577907891274
10.88 0.28 2.484299839346786 0.0635066685012624
11.07 0.11 2.406540180433955 0.019926452699090373
9.47 0.26 1.8645110810583918 0.02847832668218044
9.76 0.27 1.9912260756924949 0.058053650131965284
8.62 0.06 1.761927838420529 0.033811854127415795
7.98 0.06 1.5831987739686226 0.08844639579230716
