7.73 0.10 1.100370545117563 0.05514850563850817
8.43 0.27 1.5634810853944108 0.07119581670545111
7.74 0.06 1.2576785748691846 0.05038775756888556
8.68 0.05 1.4487063199050798 0.03863829910171279
8.56 0.26 1.6148972160331345 0.05375975382782971
8.59 0.06 1.276461804173244 0.020680689614440563
9.32 0.26 1.5587085705331658 0.044389215001161095
8.81 0.06 1.677606952720493 0.025546734229603043
9.10 0.26 1.6875289612146342 0.024969703271644862
10.48 0.24 2.225050696138049 0.00957051568220388
9.55 0.27 1.9319661147281726 0.016762243161178136
8.33 0.10 1.6138418218760693 0.07925081786555689
11.27 0.16 2.490379920003179 0.0071610147355531326
9.08 0.18 1.8215135284047732 0.06353931334029476
9.93 0.11 1.9960736544852753 0.09422130535741588
9.72 0.10 2.0523090996473234 0.13167439078981572
9.87 0.19 2.104487111312395 0.013998485658831229
9.41 0.10 1.833784374656479 0.138821403306318
9.90 0.10 1.989894563718773 0.04045117487532846
9.52 0.22 1.8438554226231612 0.026754531120114364
9.23 0.19 1.7535830588929067 0.06510587471212768
9.28 0.06 1.677606952720493 0.016422900576173387
11.03 0.13 2.379124146070392 0.01269866906149859
8.29 0.26 1.5365584425715302 0.03408706689356919
9.45 0.09 2.028977705208778 0.04672017345077077
9.64 0.08 1.9375178920173466 0.028083707836699886
9.63 0.27 1.8481891169913987 0.024640821668269603
9.78 0.08 1.9609461957338314 0.023757903824029092
10.86 0.22 2.251638220448212 0.03795514799826738
9.43 0.08 1.919601023784111 0.08779960644975487
11.27 0.13 2.3500540935790304 0.01338379600327127
10.88 0.11 2.348499570283838 0.007591880230491627
10.05 0.26 1.8819549713396004 0.02393749112852569
10.68 0.23 2.2182728535714475 0.03362957875596868
9.97 0.08 2.0068937079479006 0.017953118346394268
10.62 0.11 2.3100557377508912 0.0125481755300156
11.03 0.13 2.504198918539445 0.0369959596234527
10.65 0.28 2.327563260187278 0.010826720386111169
9.00 0.06 1.6503075231319364 0.09327129812687285
9.28 0.11 1.9360107957152095 0.04982057208391881
11.03 0.15 2.329397879361043 0.013832330102773358
8.86 0.06 1.7109631189952756 0.03295230504713389
10.53 0.11 2.161667412437736 0.00838059648055896
10.68 0.28 2.3308194664958366 0.04784943871576444
10.64 0.15 2.1775364999298623 0.018179769009903562
8.41 0.06 1.2253092817258628 0.06204206884332168
10.22 0.14 2.09795107099415 0.020449620456737316
10.58 0.16 2.2060158767633444 0.014323340100107248
10.57 0.15 2.287801729930226 0.019476092745145824
10.13 0.15 2.0791812460476247 0.014476482730108393
10.87 0.16 2.3498600821923312 0.011643283697138117
9.94 0.15 2.052693941924968 0.01692555996788581
11.13 0.13 2.404833716619938 0.015730351313031167
10.09 0.14 2.0644579892269186 0.01909398153195331
10.64 0.16 2.290034611362518 0.006681453567742335
10.71 0.16 2.1903316981702914 0.02857937880911721
8.51 0.07 1.4313637641589874 0.05468893475818726
10.10 0.15 2.104487111312395 0.01672989749470074
10.81 0.15 2.2208922492195193 0.021675551411888094
10.53 0.15 2.2400497721126476 0.01624231376508134
10.38 0.16 2.2631624649622166 0.03885668032304052
10.80 0.15 2.277150613963797 0.019500808748957422
10.00 0.14 2.0132586652835167 0.021904280367574292
10.66 0.16 2.2657609167176105 0.015073127354559715
10.24 0.27 2.017450729510536 0.023779813130149235
10.85 0.27 2.3406423775607053 0.006739394059657946
10.96 0.10 2.3096301674258988 0.03193341778700381
11.27 0.24 2.380934463330702 0.012645845978880042
9.57 0.27 1.8597385661971468 0.01919533621671831
11.06 0.10 2.3710678622717363 0.0073922465004808815
11.08 0.24 2.468790262099611 0.011805490503656181
10.38 0.27 2.173186268412274 0.011075966652566153
11.35 0.13 2.400192488592576 0.024885955190635994
9.94 0.09 2.0788191830988487 0.00833092000314828
11.18 0.19 2.4599952560473914 0.03463513551933007
7.86 0.09 1.7671558660821804 0.08982843129964695
10.61 0.28 2.248463717551032 0.023038194863942256
11.15 0.13 2.3919930722597127 0.011271227429768093
9.67 0.09 1.9929950984313416 0.0675274956617861
10.59 0.11 2.357934847000454 0.0099049618679689
10.20 0.14 2.0557604646877348 0.04927351641646392
9.45 0.26 1.8674674878590516 0.058338064733272625
9.80 0.22 1.8762178405916423 0.08374029238825997
9.41 0.26 1.7993405494535817 0.022748758575884615
8.88 0.27 1.651278013998144 0.026173997793276338
8.75 0.06 1.73559889969818 0.03193341778700381
9.18 0.26 1.912753303671323 0.02707703982526386
11.43 0.16 2.5630061870617937 0.05369286264230575
11.41 0.12 2.4551495211798278 0.021166526291918654
10.97 0.15 2.3234583668494677 0.04681141851473797
11.15 0.28 2.501470072100412 0.025458170070597176
10.84 0.20 2.372175286115064 0.016774532195753783
10.73 0.24 2.2964457942063965 0.02743143518843177
10.09 0.23 1.9863237770507653 0.05467897501774686
9.33 0.26 1.8796692056320534 0.022917914612308802
9.28 0.27 1.9609461957338314 0.029934958818276656
7.69 0.09 1.2329961103921538 0.043175474809095206
9.35 0.26 1.7986506454452689 0.02761809105903032
9.79 0.18 1.8188854145940099 0.10412523238348069
11.03 0.23 2.3891660843645326 0.040415976275078126
9.12 0.27 1.7435097647284297 0.025085601842787107
9.24 0.22 1.7134905430939424 0.057121904776443175
9.01 0.26 1.7551122663950711 0.046558810889452296
9.50 0.18 1.8247764624755456 0.08776909439661526
8.41 0.26 1.745855195173729 0.044443061882379446
9.22 0.26 1.714329759745233 0.11989210600804055
8.71 0.26 1.6232492903979006 0.05480382747826749
9.77 0.27 2.0187004986662433 0.014975671789767303
9.31 0.14 1.8943160626844384 0.021049987643269853
9.37 0.26 1.8401060944567578 0.0288692863692913
10.96 0.12 2.230448921378274 0.10576347971055661
10.64 0.24 2.342422680822206 0.012436614709047665
10.75 0.24 2.385963570600697 0.010714502020639435
9.35 0.13 1.6253124509616739 0.04425275526502328
9.79 0.14 1.9995654882259823 0.018258626866803376
9.40 0.14 1.8744818176994664 0.028411788535726748
9.94 0.13 2.012415374762433 0.06457439818386543
9.82 0.13 2.010723865391773 0.016100673475437626
9.53 0.14 1.7993405494535817 0.03033167810117949
9.88 0.26 1.7535830588929067 0.015319029344030045
9.29 0.08 1.823474229170301 0.013693970150102536
8.07 0.08 1.5563025007672873 0.04584219531200991
9.43 0.26 1.8188854145940099 0.13641723483152218
9.48 0.27 1.9100905455940682 0.029380315503910022
9.20 0.27 1.9763499790032735 0.02109561369329417
9.55 0.06 1.887054378050957 0.027601076022385655
8.45 0.06 1.3783979009481377 0.05996534687367075
8.73 0.26 1.6580113966571124 0.027680307637789673
8.98 0.27 1.7774268223893113 0.05365240677936667
8.34 0.06 1.416640507338281 0.07820628601322925
9.17 0.06 1.857935264719429 0.012047003658897415
9.17 0.11 1.8438554226231612 0.02986552311082534
8.72 0.26 1.6304278750250238 0.027461243586388285
10.48 0.24 2.2518814545525276 0.022128106300781585
8.83 0.07 1.6711728427150832 0.029632032880392453
10.78 0.11 2.119585774961784 0.02506179242570018
11.27 0.19 2.4490153163477864 0.035367509372633235
8.77 0.26 1.5171958979499742 0.15048501804550368
9.39 0.27 1.8305886686851442 0.07505532405122667
11.31 0.16 2.4466924663715273 0.014595524239866167
9.98 0.23 1.9258275746247424 0.13755234480209752
9.49 0.26 1.7566361082458481 0.07605857826676914
10.88 0.28 2.455758203104137 0.06858081629494626
11.07 0.11 2.383815365980431 0.02099688197631424
9.47 0.26 1.810232517995084 0.032941841506593406
9.76 0.27 1.8305886686851442 0.06158385563177573
8.62 0.06 1.658964842664435 0.031429205927209006
7.98 0.06 1.506505032404872 0.059529461693903676
