CamB 7.73 0.10 0.0 0.0
D512-2 8.43 0.27 0.0 0.0
D564-8 7.74 0.06 0.0 0.0
D631-7 8.68 0.05 57.7 4.1
DDO064 8.56 0.26 46.1 6.4
DDO154 8.59 0.06 47.0 1.7
DDO161 9.32 0.26 66.3 4.6
DDO168 8.81 0.06 53.7 3.7
DDO170 9.10 0.26 60.0 3.7
ESO079-G014 10.48 0.24 175.0 4.8
ESO116-G012 9.55 0.27 109.1 4.0
ESO444-G084 8.33 0.10 0.0 0.0
ESO563-G021 11.27 0.16 314.6 12.3
F565-V2 9.08 0.18 0.0 0.0
F568-3 9.93 0.11 0.0 0.0
F568-V1 9.72 0.10 112.3 28.9
F571-8 9.87 0.19 139.7 5.8
F571-V1 9.41 0.10 83.6 26.0
F574-1 9.90 0.10 97.8 9.3
F583-1 9.52 0.22 85.8 7.9
F583-4 9.23 0.19 0.0 0.0
IC2574 9.28 0.06 66.4 6.0
IC4202 11.03 0.13 242.6 11.2
KK98-251 8.29 0.26 33.7 2.7
NGC0024 9.45 0.09 106.3 8.5
NGC0055 9.64 0.08 85.6 5.4
NGC0100 9.63 0.27 88.1 8.7
NGC0247 9.78 0.08 104.9 9.1
NGC0289 10.86 0.22 163.0 17.8
NGC0300 9.43 0.08 93.3 20.1
NGC0801 11.27 0.13 220.1 7.0
NGC0891 10.88 0.11 216.1 6.2
NGC1003 10.05 0.26 109.8 5.8
NGC1090 10.68 0.23 164.4 5.7
NGC2403 9.97 0.08 131.2 6.1
NGC2683 10.62 0.11 154.0 11.4
NGC2841 11.03 0.13 284.8 15.3
NGC2903 10.65 0.28 184.6 7.5
NGC2915 9.00 0.06 83.5 8.0
NGC2955 11.30 0.12 0.0 0.0
NGC2976 9.28 0.11 85.4 9.6
NGC2998 11.03 0.15 209.9 9.5
NGC3109 8.86 0.06 66.2 3.9
NGC3198 10.53 0.11 150.1 4.7
NGC3521 10.68 0.28 213.7 16.9
NGC3726 10.64 0.15 168.0 13.2
NGC3741 8.41 0.06 50.1 3.1
NGC3769 10.22 0.14 118.6 10.2
NGC3877 10.58 0.16 168.4 6.2
NGC3893 10.57 0.15 174.0 14.6
NGC3917 10.13 0.15 135.9 5.1
NGC3949 10.37 0.15 163.0 16.1
NGC3953 10.87 0.16 220.8 8.0
NGC3972 9.94 0.15 132.7 5.4
NGC3992 11.13 0.13 241.0 9.3
NGC4010 10.09 0.14 125.8 5.5
NGC4013 10.64 0.16 172.9 7.5
NGC4051 10.71 0.16 157.0 10.9
NGC4068 8.51 0.07 0.0 0.0
NGC4085 10.10 0.15 131.5 6.5
NGC4088 10.81 0.15 171.7 8.4
NGC4100 10.53 0.15 158.2 8.2
NGC4138 10.38 0.16 147.3 18.0
NGC4157 10.80 0.15 184.7 9.3
NGC4183 10.00 0.14 110.6 6.6
NGC4217 10.66 0.16 181.3 9.1
NGC4559 10.24 0.27 121.2 5.6
NGC5005 10.96 0.13 262.2 22.8
NGC5033 10.85 0.27 194.2 4.7
NGC5055 10.96 0.10 179.0 14.2
NGC5371 11.27 0.24 209.5 7.4
NGC5585 9.57 0.27 90.3 3.7
NGC5907 11.06 0.10 215.0 3.8
NGC5985 11.08 0.24 293.6 10.5
NGC6015 10.38 0.27 154.1 8.1
NGC6195 11.35 0.13 251.7 15.1
NGC6503 9.94 0.09 116.3 3.3
NGC6674 11.18 0.19 241.3 19.1
NGC6789 7.86 0.09 0.0 0.0
NGC6946 10.61 0.28 158.9 14.8
NGC7331 11.15 0.13 239.0 6.2
NGC7793 9.67 0.09 0.0 0.0
NGC7814 10.59 0.11 218.9 7.2
UGC00128 10.20 0.14 129.6 15.0
UGC00191 9.45 0.26 0.0 0.0
UGC00634 9.80 0.22 0.0 0.0
UGC00731 9.41 0.26 73.3 4.0
UGC00891 8.88 0.27 0.0 0.0
UGC01281 8.75 0.06 55.2 4.2
UGC02259 9.18 0.26 86.2 6.2
UGC02487 11.43 0.16 332.0 40.8
UGC02885 11.41 0.12 289.5 15.9
UGC02916 10.97 0.15 182.7 17.3
UGC02953 11.15 0.28 264.9 16.7
UGC03205 10.84 0.20 219.6 10.9
UGC03546 10.73 0.24 196.9 15.3
UGC03580 10.09 0.23 126.2 5.6
UGC04278 9.33 0.26 91.4 7.3
UGC04325 9.28 0.27 90.9 6.4
UGC04483 7.69 0.09 0.0 0.0
UGC04499 9.35 0.26 72.8 4.4
UGC05005 9.79 0.18 98.9 22.3
UGC05253 11.03 0.23 213.7 21.4
UGC05414 9.12 0.27 0.0 0.0
UGC05716 9.24 0.22 73.1 9.4
UGC05721 9.01 0.26 79.7 7.8
UGC05750 9.50 0.18 0.0 0.0
UGC05764 8.41 0.26 0.0 0.0
UGC05829 9.22 0.26 0.0 0.0
UGC05918 8.71 0.26 0.0 0.0
UGC05986 9.77 0.27 113.0 4.9
UGC06399 9.31 0.14 85.0 5.2
UGC06446 9.37 0.26 82.2 7.0
UGC06614 10.96 0.12 199.8 51.4
UGC06667 9.25 0.13 83.8 3.9
UGC06786 10.64 0.24 219.4 9.8
UGC06787 10.75 0.24 248.1 7.7
UGC06818 9.35 0.13 71.2 6.4
UGC06917 9.79 0.14 108.7 6.2
UGC06923 9.40 0.14 79.6 5.1
UGC06930 9.94 0.13 107.2 16.4
UGC06983 9.82 0.13 109.0 7.8
UGC07089 9.53 0.14 0.0 0.0
UGC07125 9.88 0.26 65.2 2.8
UGC07151 9.29 0.08 73.5 3.7
UGC07232 8.07 0.08 0.0 0.0
UGC07261 9.43 0.26 74.7 23.3
UGC07323 9.48 0.27 0.0 0.0
UGC07399 9.20 0.27 103.0 6.4
UGC07524 9.55 0.06 79.6 5.7
UGC07559 8.45 0.06 0.0 0.0
UGC07577 7.91 0.06 0.0 0.0
UGC07603 8.73 0.26 61.6 3.3
UGC07690 8.98 0.27 57.4 7.3
UGC07866 8.34 0.06 0.0 0.0
UGC08286 9.17 0.06 82.4 2.5
UGC08490 9.17 0.11 78.6 5.2
UGC08550 8.72 0.26 56.9 2.3
UGC08699 10.48 0.24 182.4 11.3
UGC08837 8.83 0.07 0.0 0.0
UGC09037 10.78 0.11 152.3 14.9
UGC09133 11.27 0.19 226.8 18.4
UGC09992 8.77 0.26 33.6 11.6
UGC10310 9.39 0.27 71.4 12.3
UGC11455 11.31 0.16 269.4 8.1
UGC11557 9.98 0.23 0.0 0.0
UGC11820 9.49 0.26 0.0 0.0
UGC11914 10.88 0.28 288.1 43.2
UGC12506 11.07 0.11 234.0 17.5
UGC12632 9.47 0.26 71.7 4.9
UGC12732 9.76 0.27 0.0 0.0
UGCA442 8.62 0.06 56.4 4.2
UGCA444 7.98 0.06 37.0 6.3
